       0
       0
       1
       0
       0
       0
       1
       1
      -1
      -1
       1
      -1
      -1
       0
       1
       2
       1
      -1
       0
       0
       0
       0
       1
       1
       1
      -1
       2
       1
       0
       0
       1
       0
       2
       1
      -1
       0
       0
       1
       0
       0
       2
       1
       2
       1
       1
       1
       1
       0
      -1
       1
       1
       1
       0
       0
       1
      -1
       1
       0
       0
       0
       0
       1
       0
      -1
       0
       1
       0
       0
       0
      -1
       0
       0
       0
       1
       1
       0
       0
       0
      -1
      -1
       0
      -1
       0
       0
       0
      -1
       0
       1
      -1
      -1
      -1
       0
      -1
       1
       0
      -1
       0
       0
      -1
       1
       0
       0
       0
      -1
       1
       1
       0
       1
       0
       0
       0
       1
       0
       0
      -1
      -2
       0
       1
       0
       1
       0
      -1
       0
       0
       1
       1
       1
      -1
       0
       0
       0
       0
      -1
       0
       0
      -1
       1
      -1
      -1
      -1
       0
       0
      -2
      -1
      -2
      -2
      -1
       0
       0
      -1
      -1
      -1
      -2
      -1
       0
      -1
      -1
       0
      -2
      -2
      -2
      -1
      -1
      -1
      -2
      -1
      -1
      -1
      -1
      -2
       0
      -1
      -1
       0
      -2
      -1
      -1
      -1
      -1
       0
       1
       1
       0
      -1
       0
       0
       0
       0
       0
      -1
       0
       1
       0
       0
       0
       1
       0
       0
       0
       0
       0
       1
      -1
      -1
       0
       0
       0
       0
       0
       0
       0
       1
       0
       1
       1
       1
       1
       1
       2
       1
       1
       0
       0
       2
       2
       2
       2
       2
       2
       1
       1
      -1
      -1
      -1
       1
       0
      -1
       0
      -1
       1
       1
       1
      -1
       1
       0
       0
       0
       0
       0
      -1
      -1
       0
       1
       1
       1
       0
      -1
       1
       0
       0
      -1
       0
       1
      -1
      -1
       0
      -1
       0
      -1
       0
       2
       1
       0
       1
       1
       1
       0
      -1
       0
       0
      -1
      -1
      -1
       0
      -1
       0
      -1
      -1
      -2
      -1
       0
       0
      -1
       0
       0
       1
       0
      -1
      -1
       0
       0
       0
       0
       0
       1
       0
       0
       1
       1
       0
       0
       0
       0
       1
       0
      -1
       0
       0
      -1
       1
       0
      -1
      -1
      -1
      -2
      -2
      -1
      -2
      -1
      -1
      -1
      -1
      -1
       0
       0
      -1
      -1
      -1
      -1
      -3
      -1
      -2
       0
       1
       1
       1
       1
      -1
      -2
      -1
       1
      -1
       1
       1
       1
       1
       0
      -1
       1
       1
       1
       0
       0
       0
       0
       2
      -1
      -1
      -1
       0
       1
       0
       2
       1
       1
       0
       1
       0
       1
       1
       0
       2
       2
       1
       0
       1
      -1
       0
       0
       1
       0
       1
       1
      -1
       0
       1
       1
       1
       1
       1
       0
       0
       0
       1
       0
       1
       1
       2
       1
       1
       0
       1
       2
       1
       0
       1
       2
       2
       1
       1
       2
       1
       0
       1
       1
       1
       0
       0
       0
       0
      -1
      -2
      -1
       0
       0
       0
       0
       0
       0
       0
      -1
       1
       0
       0
       0
       1
       0
       1
       0
      -1
       0
       0
       1
       0
       0
       0
       0
       0
      -2
      -1
      -1
       0
      -1
       0
       0
       1
       1
       0
       1
       0
       0
       0
       1
       0
       0
       1
       1
       0
       0
      -1
       0
       0
       1
       0
      -1
       0
      -1
      -1
      -1
      -1
      -1
      -1
       0
      -1
       0
      -1
      -1
       0
       1
      -1
      -1
      -1
      -1
      -1
      -2
      -3
      -2
      -3
      -2
      -1
      -1
      -1
       0
      -3
      -2
      -1
       0
      -1
       0
       1
       0
      -1
       0
       0
       0
       1
       1
       0
       0
       0
       0
      -1
       0
       1
       0
       1
       0
       0
       1
       0
       0
       1
       1
       1
       0
       0
       2
       0
       0
       0
      -1
       0
       0
       0
       1
       0
       2
       0
      -1
       1
       0
       1
       1
      -1
       1
       0
       0
       0
       0
       0
       1
       1
       0
       1
       1
       1
       0
       1
       1
       1
       1
       0
       0
       0
       0
       2
       9
      13
      20
      17
      14
      12
      15
      15
      12
       8
       7
      10
       7
       3
      -2
      -4
       0
       1
      -3
      -6
      -6
      -5
      -5
      -9
     -11
     -13
     -13
     -13
     -15
     -18
     -16
     -15
     -10
     -12
     -10
      -8
      -6
      -6
      -4
      -5
      -2
      -1
      -2
       0
      -2
      -1
       0
      -1
      -1
       0
       2
       2
       2
       2
       3
       3
       2
       3
       3
       3
       4
       4
       4
       4
       4
       5
       3
       3
       3
       2
       1
       0
      -1
      -1
      -1
      -1
      -1
      -2
       0
      -1
      -1
      -2
      -1
      -2
      -3
      -2
      -2
      -3
      -2
       0
      -2
      -1
      -2
      -1
       0
       0
      -1
       2
       1
       3
       1
       1
       1
       1
       1
       0
       0
       0
       1
       1
       0
       1
       0
       1
       1
       1
       0
       0
       0
       1
      -1
      -1
      -2
      -2
      -1
      -2
      -1
      -1
      -2
      -2
      -1
      -2
      -1
      -2
      -2
      -3
      -2
      -2
      -3
      -3
      -3
      -2
      -2
      -2
      -2
      -2
      -2
      -1
       0
      -1
       2
       0
       0
       0
       1
       1
       1
       2
       2
       2
       1
       3
       1
       2
       1
       2
       3
       2
       2
       1
       1
       2
       2
       2
       0
       1
       1
       2
       2
       2
       3
       3
       3
       2
       2
       2
       2
       1
       2
       3
       2
       2
       2
       1
       2
       3
       2
       3
       3
       2
       2
       1
       2
       3
       2
       2
       2
       1
       2
       1
       1
       0
       1
       0
       0
       0
       0
       0
      -1
      -1
      -3
      -1
      -2
      -1
      -2
      -2
      -2
      -2
      -2
      -2
      -2
      -2
      -2
      -1
      -2
      -4
      -3
      -2
      -1
      -2
      -3
      -2
      -3
      -1
      -3
      -3
      -3
      -2
      -1
      -2
      -3
      -2
      -3
      -1
      -1
      -2
      -2
       0
       1
      -1
      -2
      -3
      -1
      -1
      -1
      -1
      -1
       0
      -1
       0
      -1
       3
       1
       2
       3
       3
       2
       2
       2
       3
       3
       3
       3
       2
       3
       3
       0
       2
       2
       3
       3
       6
       4
       5
       5
       7
       5
       7
       8
       7
       6
       6
       6
       7
       7
       6
       6
       6
       6
       6
       4
       6
       4
       4
       4
       5
       2
       2
       0
       0
      -1
      -2
      -2
      -3
      -4
      -4
      -4
      -5
      -6
      -6
      -6
      -6
      -7
      -8
      -9
      -9
     -11
     -11
     -12
     -15
     -16
     -16
     -17
     -17
     -17
     -17
     -17
     -19
     -18
     -19
     -18
     -19
     -19
     -19
     -18
     -16
     -15
      -6
      -1
       7
       8
      11
      16
      19
      22
      19
      20
      18
      24
      19
      17
      15
      17
      19
      17
      17
      17
      21
      20
      19
      15
      15
      12
      11
       7
      -1
      -1
      -2
      -2
      -7
      -6
      -7
      -5
      -5
      -5
      -5
      -3
      -2
      -1
      -1
      -1
       0
      -2
      -2
      -1
      -2
      -2
      -1
       0
       1
       8
      13
      16
      14
      16
      20
      20
      21
      18
      17
      19
      22
      15
      14
      11
      13
      15
      11
       9
       6
       9
       7
       4
       0
      -2
      -6
      -8
     -13
     -18
     -20
     -22
     -23
     -24
     -25
     -24
     -26
     -29
     -27
     -26
     -27
     -25
     -28
     -28
     -28
     -28
     -31
     -34
     -33
     -35
     -34
     -34
     -31
     -29
     -21
     -15
      -8
       1
       6
      10
      12
      17
      22
      22
      22
      22
      23
      24
      22
      18
      18
      20
      23
      24
      21
      22
      25
      26
      23
      20
      17
      15
      11
       4
       1
      -3
      -5
      -8
     -10
     -12
     -12
     -11
     -11
      -9
      -7
      -5
      -5
      -4
      -4
      -1
      -1
      -3
      -3
      -3
      -3
      -3
      -3
      -3
      -1
      -1
       1
       1
       2
       2
      10
      15
      24
      20
      23
      20
      29
      25
      23
      19
      22
      22
      19
      14
      11
      11
      12
      14
       7
       8
       8
       8
       7
       3
       3
      -2
      -5
      -9
     -14
     -18
     -20
     -24
     -26
     -24
     -27
     -25
     -28
     -28
     -29
     -26
     -26
     -27
     -28
     -28
     -29
     -31
     -34
     -34
     -34
     -35
     -35
     -30
     -27
     -20
     -13
      -2
       1
       9
      11
      17
      19
      24
      24
      24
      26
      24
      23
      20
      21
      20
      23
      24
      24
      25
      27
      30
      26
      27
      22
      20
      16
      13
       6
       0
      -3
      -5
      -9
     -11
     -12
     -14
     -12
     -12
      -9
     -10
      -6
      -7
      -5
      -3
      -3
      -2
      -3
      -2
      -2
      -2
      -3
      -2
      -2
      -1
       0
      -1
      -1
      -1
       3
      10
      14
      20
      17
      21
      20
      25
      22
      23
      18
      19
      21
      15
      12
      10
      10
      11
      10
       4
       6
       7
       7
       5
       2
       0
      -3
      -7
     -12
     -17
     -20
     -21
     -26
     -28
     -28
     -28
     -28
     -28
     -29
     -28
     -26
     -26
     -26
     -27
     -27
     -29
     -32
     -34
     -34
     -35
     -34
     -33
     -33
     -29
     -23
     -16
      -7
       0
       7
      12
      14
      19
      23
      23
      25
      24
      25
      26
      24
      23
      24
      25
      26
      25
      24
      26
      29
      30
      29
      26
      22
      20
      15
       8
       3
       0
      -2
      -6
      -8
     -11
     -12
     -12
     -11
     -12
     -11
      -8
      -8
      -5
      -5
      -2
      -2
      -3
      -4
      -2
      -3
      -3
      -3
      -2
      -2
      -2
      -2
      -1
       1
       2
       8
      13
      19
      18
      21
      22
      27
      25
      24
      22
      21
      22
      18
      14
      13
      13
      13
      10
       7
       6
       7
       7
       6
       0
      -1
      -4
      -5
     -11
     -15
     -18
     -22
     -24
     -26
     -28
     -28
     -28
     -31
     -29
     -30
     -27
     -28
     -28
     -27
     -27
     -26
     -29
     -31
     -30
     -31
     -31
     -30
     -31
     -27
     -24
     -19
     -15
      -8
       0
       6
      11
      12
      18
      23
      24
      23
      22
      23
      24
      23
      19
      21
      21
      23
      25
      22
      24
      25
      27
      25
      24
      22
      20
      15
      12
       6
       2
      -1
      -5
     -10
     -11
     -14
     -15
     -15
     -15
     -14
     -11
      -9
      -9
      -6
      -5
      -3
      -2
      -3
      -3
      -3
      -2
      -2
      -2
      -1
      -1
      -3
      -3
      -2
       0
       4
       8
      10
      17
      17
      23
      22
      28
      25
      26
      23
      21
      20
      18
      15
      12
      11
      10
       9
       6
       5
       4
       4
       3
       0
      -3
      -7
      -9
     -11
     -16
     -20
     -22
     -23
     -26
     -28
     -29
     -28
     -27
     -26
     -27
     -25
     -25
     -25
     -24
     -23
     -24
     -24
     -26
     -25
     -26
     -27
     -26
     -24
     -23
     -18
     -15
     -11
      -6
       1
       5
      11
      12
      17
      20
      23
      23
      23
      24
      25
      26
      23
      23
      23
      25
      24
      24
      23
      26
      26
      25
      23
      21
      20
      14
      11
       6
       3
       0
      -3
      -7
      -9
     -10
     -12
     -13
     -13
     -13
     -11
     -10
      -8
      -6
      -5
      -5
      -5
      -4
      -5
      -3
      -3
      -4
      -4
      -3
      -4
      -3
      -3
      -1
       1
       2
       5
       8
      13
      17
      18
      19
      21
      24
      23
      20
      19
      19
      20
      14
      11
      10
      10
       9
       6
       3
       3
       3
       2
      -3
      -4
      -5
      -5
      -9
     -14
     -16
     -19
     -20
     -23
     -24
     -26
     -24
     -24
     -24
     -24
     -24
     -21
     -21
     -21
     -20
     -21
     -20
     -20
     -21
     -22
     -20
     -22
     -21
     -22
     -21
     -21
     -17
     -16
     -13
      -8
      -1
       3
       7
       9
      13
      16
      19
      19
      20
      22
      22
      23
      20
      21
      22
      21
      21
      21
      21
      24
      25
      23
      22
      20
      19
      16
      13
       9
       7
       2
       1
      -4
      -7
     -10
      -9
     -12
     -12
     -12
     -11
      -9
      -8
      -7
      -6
      -5
      -4
      -4
      -3
      -4
      -4
      -4
      -5
      -4
      -4
      -3
      -4
      -4
      -2
       1
       1
       4
       6
       8
      14
      16
      20
      19
      21
      22
      21
      19
      16
      16
      14
      14
      11
       9
       7
       7
       6
       5
       3
       4
       3
       1
      -2
      -5
      -5
      -7
     -10
     -13
     -16
     -19
     -20
     -19
     -22
     -21
     -20
     -20
     -19
     -19
     -19
     -18
     -18
     -16
     -15
     -16
     -17
     -18
     -18
     -18
     -18
     -18
     -18
     -18
     -15
     -14
     -11
      -6
      -2
       4
       7
      10
      12
      15
      16
      16
      16
      17
      16
      16
      15
      15
      17
      18
      19
      19
      20
      19
      19
      20
      20
      18
      15
      15
      12
       8
       6
       1
      -1
      -4
      -6
      -8
      -8
      -9
     -11
      -8
      -8
      -8
      -7
      -5
      -4
      -5
      -3
      -3
      -4
      -3
      -6
      -7
      -7
      -7
      -7
      -7
      -4
      -5
      -3
      -1
       1
       1
       3
       4
       5
       5
       6
       7
       7
       7
      10
      12
      26
      45
      64
      72
      76
      68
      46
      37
      22
      12
      -7
     -10
     -15
     -13
     -18
     -17
     -17
     -18
     -13
     -15
     -11
     -12
     -13
     -15
     -18
     -20
     -17
     -14
     -11
      -9
      -9
      -3
      -1
       0
      -3
      -5
      -3
     -10
     -12
     -22
     -24
     -28
     -35
     -37
     -44
     -44
     -49
     -45
     -45
     -39
     -34
     -25
     -11
       3
      22
      36
      50
      62
      73
      74
      72
      64
      54
      42
      31
      19
      10
       4
      -2
      -6
      -8
      -7
      -9
      -9
     -12
     -15
     -19
     -23
     -29
     -29
     -32
     -30
     -25
     -16
      -7
       4
      12
      22
      29
      31
      31
      29
      24
      18
      10
       4
      -2
      -6
     -10
     -10
     -10
      -8
      -8
      -8
      -7
      -7
     -10
     -11
     -14
     -14
     -14
     -12
      -9
      -4
       1
       7
      14
      19
      28
      33
      39
      42
      42
      46
      45
      39
      34
      28
      20
      11
       6
       2
      -1
      -5
      -6
      -6
      -6
      -6
      -4
      -2
      -2
      -2
      -4
      -6
      -9
     -12
     -12
     -13
     -14
     -15
     -16
     -15
     -14
     -13
     -12
     -13
     -14
     -19
     -22
     -26
     -30
     -34
     -39
     -43
     -47
     -54
     -58
     -62
     -64
     -61
     -52
     -37
     -16
      10
      40
      71
      96
     115
     121
     123
     119
      96
      75
      49
      28
      12
       1
       2
       4
       4
       7
       1
      -6
     -17
     -26
     -38
     -48
     -54
     -52
     -38
     -21
       0
      24
      48
      65
      74
      73
      67
      56
      43
      32
      23
      15
      16
      21
      24
      25
      21
      19
      10
      -4
     -17
     -28
     -32
     -29
     -23
      -9
       8
      25
      39
      46
      49
      44
      38
      29
      22
      20
      34
      38
      57
      65
      74
      81
      65
      51
      27
       7
      -9
     -24
     -27
     -24
     -18
      -4
       4
      11
      11
      10
       2
     -10
     -24
     -34
     -40
     -39
     -40
     -36
     -31
     -29
     -33
     -40
     -50
     -59
     -70
     -75
     -75
     -75
     -68
     -66
     -62
     -65
     -68
     -77
     -88
     -97
    -110
    -116
    -116
    -105
     -80
     -43
      -4
      39
      83
     116
     122
     118
     109
      92
      72
      47
      34
      28
      29
      28
      22
      14
       0
     -19
     -35
     -54
     -64
     -61
     -46
     -21
       5
      25
      46
      59
      62
      56
      51
      47
      53
      62
      72
      82
      84
      83
      75
      51
      28
      11
      -3
      -7
      -6
       5
      22
      39
      46
      52
      50
      50
      51
      56
      66
      83
     102
     118
     124
     124
     123
     119
     112
     100
      91
      91
     109
     117
     127
     127
     127
     127
     127
     126
     117
     113
     118
     123
     127
     127
     127
     127
     126
     120
     111
     106
     106
     107
     108
     106
      95
      86
      66
      43
      23
      13
      16
      27
      37
      47
      54
      56
      50
      46
      27
      30
      31
      42
      46
      50
      55
      47
      41
      18
       7
      11
      39
      92
     115
     119
     117
     115
     113
     110
     108
     106
     104
     102
     101
      99
      97
      96
      70
      12
     -39
     -74
     -83
     -87
     -89
     -91
    -100
    -120
    -128
    -128
    -128
    -128
    -128
    -128
    -128
    -128
    -128
    -128
    -128
    -128
    -128
    -128
    -128
    -128
    -128
    -128
    -128
    -128
    -128
    -128
    -128
    -128
    -128
    -128
    -128
    -128
    -128
    -128
    -128
    -128
    -128
    -128
    -128
    -128
    -128
    -128
    -128
    -128
    -128
    -128
    -128
    -128
    -128
    -128
    -128
    -128
    -128
    -128
    -128
    -128
    -128
    -128
    -128
    -128
    -128
    -128
    -128
    -128
    -128
    -128
    -128
    -128
    -128
    -128
    -128
    -128
    -128
    -128
    -128
    -128
    -128
    -128
    -128
    -128
    -128
    -128
    -126
    -123
    -121
    -118
    -115
    -113
    -111
    -109
    -105
    -103
    -101
     -98
     -96
     -94
     -91
     -89
     -87
     -86
     -45
     -18
      -9
     -16
     -24
     -19
      -7
      10
      15
      10
     -20
     -62
     -71
     -68
     -65
     -63
     -60
     -58
     -56
     -53
     -51
     -49
     -47
     -45
     -43
     -37
     -30
     -32
     -33
     -32
     -18
       2
      20
      31
      25
       5
     -19
     -29
     -27
     -26
     -24
     -23
     -21
     -20
     -18
     -17
     -16
     -15
       1
      19
      29
      29
      29
      35
      52
      73
      87
      92
      93
      80
      70
      64
      68
      73
      76
      73
      64
      54
      81
     103
     116
     126
     121
     127
     127
     127
     127
     127
     127
     127
     127
     127
     127
     124
     127
     127
     127
     126
     119
     119
     106
      97
     101
     103
     116
     113
     105
      92
      98
     109
     125
     125
     121
     123
     121
     113
     105
      97
     108
     103
      95
      80
      55
      48
      40
      38
      23
      40
      97
     127
     127
     127
     127
     127
     127
     127
     127
     127
     127
     127
     127
     125
     112
     113
     116
     102
      64
      37
      16
      17
      41
      60
      56
      49
      54
      57
      65
      84
     107
     116
     117
     111
      98
      93
     101
     109
     108
      80
      57
      39
      28
      17
      17
      17
       7
     -10
     -15
     -19
     -11
       2
      18
      21
      16
      17
      27
      37
      47
      48
      48
      38
      29
      26
      26
      18
      14
       8
      -9
     -22
      11
      28
      42
     -11
      -8
      15
      41
      45
      22
      14
      12
      24
      19
       9
      -3
       8
      24
       7
     -22
     -24
     -10
       3
     -13
     -32
     -49
     -53
     -27
     -23
     -42
     -62
     -58
     -33
     -29
     -33
     -45
     -29
     -32
     -27
     -45
     -44
     -47
     -32
     -29
     -55
     -82
     -84
     -84
     -94
     -99
     -73
     -18
      31
      44
      37
      40
      53
      97
     116
     116
      92
      71
      71
      68
      58
      43
      24
       6
     -17
     -30
     -37
     -35
     -34
     -33
     -47
     -50
     -37
      -6
       7
       9
       5
      13
      31
      53
      70
      63
      56
      52
      59
      56
      46
      38
      29
      16
       3
     -10
     -16
     -20
     -20
     -27
     -38
     -42
     -30
     -16
     -10
      -9
      -7
       1
      14
      22
      26
      25
      24
      28
      29
      22
      16
      20
      30
      23
      20
       9
      20
       1
      20
       8
      16
       1
       3
     -10
      -3
      -4
       4
      -2
      -7
     -15
      -3
      -3
      -7
     -13
     -24
     -27
     -34
     -28
     -41
     -48
     -50
     -57
     -62
     -75
     -65
     -60
     -59
     -74
     -77
     -70
     -60
     -62
     -62
     -73
     -65
     -70
     -74
     -86
     -83
     -92
    -100
    -116
    -115
     -77
     -14
      22
      13
     -18
       1
      24
      82
      93
      69
      37
      28
      49
      59
      44
       2
     -24
     -31
     -37
     -33
     -46
     -66
     -78
     -78
     -72
     -70
     -56
     -50
     -53
     -59
     -39
     -16
       1
       4
       1
      -7
       6
      14
      27
      15
      -3
     -17
     -11
     -12
     -17
     -35
     -49
     -61
     -55
     -55
     -57
     -66
     -65
     -65
     -58
     -49
     -39
     -36
     -33
     -29
     -22
     -14
      -5
      -8
      -9
     -13
     -11
      -7
      17
      -4
      -5
      -4
      -9
      14
     -16
     -13
      -2
      -2
     -15
     -21
     -18
     -11
      -9
     -19
     -26
     -22
     -23
      -1
     -19
     -33
     -23
     -14
     -18
     -29
     -28
     -42
     -35
     -32
     -44
     -53
     -58
     -37
     -36
     -46
     -57
     -52
     -40
     -41
     -49
     -52
     -49
     -36
     -45
     -59
     -64
     -61
     -52
     -64
     -89
     -90
     -38
      29
      48
      29
      10
      40
      78
     116
     118
      79
      58
      75
     102
      96
      60
      26
      14
      22
      18
       8
     -23
     -41
     -37
     -27
     -27
     -29
     -28
     -31
     -22
     -10
       9
      16
      20
      21
      35
      46
      62
      59
      55
      39
      53
      55
      49
      29
      25
      21
      16
       3
      -3
      -9
     -10
     -12
     -16
      -9
     -23
     -18
      -2
      13
      14
      18
      29
      34
      24
      37
      29
      39
      57
      57
      49
      58
      38
      55
      46
      48
      47
      41
      38
      38
      24
      28
      21
      27
      10
      17
      18
      20
      14
      15
      17
      20
      19
      20
      14
      10
       8
       9
       2
       0
      -4
     -12
     -17
     -16
     -12
     -19
     -29
     -28
     -24
     -24
     -32
     -35
     -33
     -39
     -42
     -40
     -41
     -45
     -51
     -61
     -61
     -64
     -59
       1
      26
      28
      20
      29
      58
     107
     112
      85
      55
      69
     100
     101
      58
      24
      19
      34
      28
       8
     -20
     -38
     -34
     -27
     -34
     -45
     -44
     -42
     -44
     -33
     -21
     -12
     -11
      -8
       6
      21
      37
      33
      30
      32
      42
      46
      35
      19
      16
      15
      10
      -5
      -7
     -22
     -22
     -23
     -30
     -37
     -32
     -30
     -31
     -35
     -24
     -17
      -8
     -10
      -4
       1
       9
      14
      18
      40
      31
      38
      22
      36
      41
      45
      21
      26
      21
      26
      11
       7
      -2
       3
      -6
      -4
     -16
     -14
     -14
     -13
     -17
     -15
      -8
     -11
     -13
     -13
     -16
      -8
     -16
     -14
     -25
     -25
     -32
     -23
     -28
     -32
     -38
     -44
     -46
     -49
     -55
     -54
     -58
     -61
     -68
     -72
     -57
     -78
     -82
     -96
     -87
     -92
     -82
     -35
      -1
      -4
     -16
       1
      34
      72
      77
      46
      33
      52
      77
      70
      28
       3
      11
      20
       5
     -19
     -35
     -56
     -47
     -52
     -58
     -70
     -72
     -73
     -70
     -57
     -53
     -46
     -50
     -35
     -18
      -2
       4
      -3
       6
      19
      27
      20
      17
       8
      14
      16
       7
      -9
     -13
     -17
     -14
     -26
     -35
     -42
     -38
     -35
     -38
     -39
     -39
     -30
     -25
     -23
     -18
      -7
      -2
       0
       7
      12
      34
      32
      33
      18
      31
      41
      44
      34
      19
      27
      35
      33
      13
      -3
       4
      17
      12
      -4
     -15
      -4
       4
       5
      -9
      -9
      -1
       3
       4
      -5
      -3
      -3
       1
      -1
      -5
      -8
     -14
     -10
     -16
     -10
     -18
     -23
     -31
     -28
     -28
     -30
     -39
     -42
     -44
     -41
     -42
     -48
     -57
     -63
     -57
     -60
     -54
     -24
      11
      12
      16
      21
      38
      76
      90
      79
      57
      67
      94
      98
      75
      47
      51
      57
      55
      34
      10
      -4
      -1
      -4
     -13
     -26
     -26
     -31
     -36
     -25
     -19
     -21
     -26
     -15
       1
      15
      24
      21
      22
      31
      48
      52
      43
      31
      40
      47
      43
      28
      20
      18
      18
      15
       3
      -8
      -4
      -5
     -14
     -17
     -12
     -10
     -14
     -17
      -7
       2
       6
       3
       7
      12
      21
      31
      30
      32
      33
      33
      45
      45
      43
      33
      33
      35
      37
      26
      14
      16
      18
       7
       5
      -2
       2
      -1
      -6
      -9
      -7
      -3
      -4
      -3
      -5
      -3
      -3
     -10
      -7
      -6
      -4
     -12
     -17
     -17
     -15
     -12
     -21
     -28
     -32
     -29
     -27
     -35
     -46
     -49
     -47
     -42
     -52
     -57
     -67
     -63
     -64
     -69
     -75
     -37
     -11
      -4
      -1
      -1
      19
      46
      63
      64
      49
      52
      72
      84
      69
      50
      46
      42
      49
      35
      12
      -6
     -12
     -10
     -17
     -33
     -42
     -45
     -45
     -41
     -39
     -44
     -40
     -33
     -25
     -11
      -2
      -6
      -3
      14
      28
      25
      24
      26
      32
      32
      28
      26
      22
      16
      14
      10
       4
      -1
      -7
     -12
     -20
     -19
     -16
     -25
     -19
     -26
     -19
     -21
     -14
     -15
     -11
     -11
      -3
       3
      20
      15
      25
      13
      25
      30
      36
      28
      29
      27
      29
      28
      21
      16
      11
       6
       6
      -4
      -4
      -7
     -14
     -14
     -13
     -11
     -15
     -16
     -16
     -17
     -10
     -16
     -14
     -18
     -12
     -11
     -18
     -25
     -21
     -10
     -18
     -28
     -35
     -27
     -24
     -29
     -46
     -49
     -38
     -36
     -53
     -65
     -64
     -54
     -55
     -68
     -75
     -70
     -41
     -19
     -23
     -22
       0
      18
      18
      38
      55
      54
      47
      50
      67
      68
      56
      43
      37
      41
      44
      29
       5
      -6
       5
      -2
     -21
     -37
     -36
     -34
     -35
     -37
     -40
     -38
     -28
     -24
     -24
     -18
      -3
       1
       3
       7
      21
      27
      25
      23
      28
      34
      38
      31
      21
      19
      23
      17
       8
       4
       2
      -3
      -6
     -10
     -11
     -12
     -15
     -18
     -14
     -11
      -8
      -8
     -15
      -8
       2
      18
      13
      13
       9
      28
      39
      35
      32
      34
      36
      41
      38
      27
      21
      27
      22
      17
      10
       9
       8
       0
      -5
       0
      -2
      -5
     -13
     -10
     -10
      -3
      -9
     -15
     -10
      -5
      -3
     -10
     -14
     -12
      -5
      -5
     -11
     -21
     -21
     -15
     -15
     -26
     -32
     -32
     -30
     -31
     -38
     -41
     -49
     -54
     -45
     -45
     -54
     -68
     -51
     -24
      -6
     -12
      -7
       2
      21
      37
      49
      48
      43
      54
      68
      70
      63
      56
      48
      47
      47
      43
      25
       9
       6
      10
      -1
     -14
     -23
     -28
     -27
     -22
     -29
     -36
     -33
     -24
     -19
     -14
     -12
      -8
      -1
       9
      13
      13
      17
      26
      32
      32
      29
      30
      30
      32
      30
      24
      18
      15
      14
       9
       5
       0
      -3
      -3
      -3
      -7
     -11
     -11
      -9
      -7
      -7
      -7
      -5
      -2
      -2
      30
      23
      22
       8
      27
      39
      50
      31
      27
      27
      41
      43
      37
      15
      21
      24
      28
      19
       7
       0
       1
       5
      10
       2
      -4
      -8
       0
       0
       3
     -10
     -12
      -8
       4
       3
      -5
     -14
      -9
       1
       2
      -7
     -19
     -16
      -9
      -8
     -19
     -27
     -25
     -26
     -22
     -31
     -38
     -42
     -33
     -38
     -44
     -47
     -45
     -31
     -22
     -15
     -13
       4
      16
      23
      26
      42
      54
      56
      52
      57
      61
      66
      59
      49
      44
      47
      46
      33
      11
       9
      12
       5
     -10
     -20
     -23
     -19
     -20
     -26
     -31
     -27
     -20
     -18
     -19
     -16
      -8
      -2
       2
       6
       9
      12
      16
      19
      19
      22
      19
      19
      16
      18
      15
       6
       4
       0
      -3
      -7
      -7
     -16
     -20
     -20
     -18
     -20
     -24
     -25
     -24
     -23
     -21
     -23
     -24
     -22
     -17
       9
       1
      -3
     -18
      -3
      16
      18
       1
      -3
      -1
      12
      10
       3
     -10
      -6
      -4
      -5
     -15
     -23
     -22
     -24
     -27
     -27
     -31
     -31
     -35
     -34
     -34
     -29
     -34
     -36
     -37
     -31
     -27
     -30
     -36
     -38
     -35
     -32
     -34
     -43
     -42
     -39
     -41
     -46
     -51
     -52
     -57
     -58
     -61
     -65
     -63
     -65
     -63
     -73
     -73
     -75
     -70
     -64
     -50
     -46
     -38
     -27
     -14
      -9
      -5
       7
      19
      21
      17
      19
      23
      27
      25
      15
      12
      11
      11
       2
      -7
     -15
     -18
     -24
     -28
     -33
     -38
     -39
     -42
     -42
     -42
     -42
     -39
     -35
     -33
     -30
     -22
     -16
     -12
     -10
      -7
      -3
       2
       3
       2
       3
       4
       6
       2
       1
       0
      -3
      -3
      -7
      -9
     -10
     -12
     -15
     -18
     -19
     -18
     -18
     -19
     -19
     -17
     -16
     -14
     -13
     -11
      -7
      -3
      -3
      15
      14
      18
       3
      12
      21
      30
      27
      22
      13
      18
      25
      26
      16
      12
      10
      10
       7
       5
       7
       6
       1
       1
      -2
       6
       5
       5
      -2
      -1
       4
       8
       5
       1
       2
       5
       6
       6
       3
       6
       6
       3
       0
       0
       2
       3
      -3
      -6
      -7
      -7
      -6
      -6
      -8
     -11
     -10
     -10
      -7
      -9
      -9
     -10
     -11
      -7
       0
       9
      19
      29
      33
      30
      32
      44
      52
      55
      54
      51
      52
      54
      53
      50
      49
      47
      43
      37
      32
      33
      30
      24
      18
      15
      15
      15
      15
       9
       8
      10
      14
      15
      17
      19
      21
      22
      21
      25
      29
      31
      30
      28
      28
      29
      29
      29
      29
      28
      23
      21
      20
      20
      20
      19
      17
      14
      15
      16
      14
      17
      17
      16
      16
      17
      17
      19
      19
      20
      18
      17
      19
      19
      19
      18
      18
      19
      19
      27
      26
      24
      22
      25
      24
      23
      25
      27
      24
      23
      21
      22
      21
      23
      20
      19
      17
      17
      14
      13
      12
      13
      12
       9
       8
       8
       8
       8
       7
       6
       5
       5
       5
       4
       3
       3
       5
       4
       2
       2
       1
       3
       2
       0
      -2
       1
      -1
       0
      -5
      -5
      -6
      -6
      -9
      -6
      -7
     -10
     -13
     -13
     -13
     -12
     -11
     -15
     -17
     -15
     -18
     -19
     -19
     -19
     -17
     -16
     -19
     -18
     -14
      -9
      -6
      -3
      -3
      -1
      -1
       0
       2
       3
       5
       5
       4
       4
       1
       2
       2
       4
       1
      -2
      -2
      -4
      -3
      -5
      -4
      -5
      -6
      -7
      -7
      -7
      -7
      -4
      -5
      -6
      -4
      -6
      -4
      -6
      -4
      -1
      -3
      -3
      -3
      -3
      -2
      -2
      -1
      -1
      -1
       0
       0
      -2
       0
       3
       5
       4
       4
       4
       3
       4
       6
       4
       4
       5
       3
       5
       6
       5
       6
       4
       4
       2
       1
       2
       2
      -1
       0
      -2
      -3
      -4
      -5
      -4
      -5
      -5
      -4
      -6
      -7
      -8
      -6
      -8
      -8
      -7
      -7
      -6
      -6
      -8
      -8
      -7
      -7
      -8
      -8
     -13
     -13
     -12
     -11
     -12
     -12
     -14
     -15
     -17
     -16
     -16
     -16
     -17
     -18
     -20
     -21
     -19
     -19
     -20
     -20
     -19
     -19
     -19
     -21
     -22
     -21
     -21
     -23
     -22
     -22
     -23
     -24
     -25
     -26
     -28
     -26
     -23
     -23
     -27
     -27
     -25
     -25
     -24
     -23
     -27
     -28
     -27
     -28
     -28
     -26
     -27
     -29
     -28
     -34
     -30
     -28
     -33
     -32
     -33
     -34
     -32
     -32
     -37
     -34
     -35
     -35
     -33
     -37
     -39
     -37
     -36
     -35
     -34
     -33
     -35
     -35
     -36
     -34
     -34
     -31
     -32
     -31
     -30
     -30
     -28
     -28
     -28
     -26
     -25
     -25
     -25
     -25
     -25
     -26
     -24
     -24
     -22
     -21
     -18
     -23
     -22
     -21
     -20
     -16
     -16
     -17
     -21
     -21
     -16
     -16
     -15
     -14
     -11
     -14
     -13
     -15
     -11
      -8
      -6
      -8
      -9
      -6
      -2
      -1
      -3
      -2
       0
       2
       3
       7
       8
       9
      13
      11
      13
      17
      17
      18
      20
      22
      22
      23
      21
      24
      26
      21
      31
      35
      28
      27
      34
      33
      31
      28
      31
      38
      36
      36
      37
      42
      41
      35
      37
      44
      48
      47
      40
      36
      46
      49
      48
      39
      37
      44
      49
      52
      55
      51
      43
      43
      39
      53
      49
      53
      48
      45
      48
      50
      56
      48
      43
      45
      43
      52
      52
      46
      42
      45
      49
      49
      45
      46
      42
      46
      49
      43
      43
      46
      49
      46
      42
      38
      45
      48
      43
      42
      50
      43
      33
      44
      45
      43
      42
      43
      44
      36
      35
      37
      45
      41
      38
      36
      34
      39
      32
      37
      42
      30
      32
      36
      31
      33
      30
      25
      29
      28
      27
      30
      28
      24
      25
      26
      24
      25
      23
      23
      19
      20
      18
      17
      23
      22
      14
      15
      15
      16
      10
      17
      11
       8
      15
      19
       8
       3
       7
       6
       6
      16
      10
       1
       9
       7
       5
      10
       5
       2
      12
       5
      -4
       4
       4
       0
       5
      14
       4
       5
       5
       7
       5
      15
       6
      -6
       3
      10
       4
       5
      12
       9
       5
       4
      -1
       3
       2
       2
       4
       2
       1
       4
       4
      -9
      -6
      -3
      -3
      -4
      -3
       6
      -6
       2
     -12
     -12
      -7
     -15
      -1
       2
      -7
     -11
      -7
      -3
     -12
     -16
     -13
     -10
     -14
      -5
     -11
      -8
      -5
     -18
     -18
     -10
     -10
     -15
     -13
      -4
     -15
     -22
     -22
     -25
     -23
     -17
     -20
     -18
     -16
     -19
     -24
     -24
     -26
     -27
     -28
     -21
     -22
     -27
     -30
     -32
     -33
     -29
     -27
     -28
     -30
     -24
     -32
     -36
     -29
     -31
     -32
     -34
     -33
     -28
     -33
     -33
     -33
     -30
     -27
     -37
     -39
     -23
     -31
     -33
     -34
     -37
     -35
     -26
     -31
     -36
     -36
     -32
     -32
     -34
     -34
     -30
     -33
     -30
     -33
     -29
     -22
     -28
     -28
     -28
     -19
     -23
     -19
     -18
     -26
     -20
     -12
     -19
     -20
     -14
     -14
     -17
     -10
      -9
     -12
     -12
      -7
     -12
      -2
      -3
      -5
       0
      -4
      -8
       1
       7
      -2
       1
       1
       6
       8
       2
      10
       6
       9
      12
      -1
       4
       6
      10
      14
       7
      11
      13
       7
       5
      -1
      12
      12
       8
       6
       4
      11
      -1
      -2
       1
       0
      -1
       6
      -1
      -1
      -1
      -9
      -9
      -7
     -10
      -9
      -7
     -18
     -15
     -14
     -17
     -13
     -15
     -16
     -22
     -20
     -23
     -25
     -22
     -19
     -31
     -24
     -28
     -25
     -24
     -25
     -32
     -19
     -40
     -45
     -21
     -27
     -37
     -29
     -39
     -39
     -35
     -32
     -48
     -40
     -28
     -36
     -44
     -38
     -45
     -39
     -31
     -42
     -50
     -40
     -34
     -41
     -43
     -35
     -39
     -45
     -39
     -35
     -39
     -37
     -45
     -31
     -22
     -32
     -40
     -26
     -22
     -41
     -29
     -26
     -31
     -26
     -10
     -20
     -22
     -18
     -18
     -16
     -23
     -32
     -14
      -4
     -17
      -5
      -3
     -12
     -15
     -17
      -8
      -5
      -8
      -6
       4
       3
       5
     -10
     -16
      12
       4
     -14
      -1
      16
      -1
      -2
      -3
       4
      14
      -3
       8
      -1
      11
       4
      10
      14
       9
       4
      -2
      12
       6
      -1
      13
      14
      12
      14
       7
       4
       8
       1
       5
      -1
       0
       7
       9
       7
       6
      10
       0
      -5
       5
       9
      -5
       5
      -1
      -2
       3
      -1
       6
     -12
      -8
      -3
      -5
       4
     -11
      -7
      -2
      -5
      -7
      13
     -16
     -15
       2
     -12
     -18
       1
     -10
     -13
      -8
      -7
      -6
     -10
     -22
     -26
      -1
      -1
     -16
     -13
      -3
      -9
       3
     -10
     -22
     -16
       3
     -11
     -10
      -6
      -2
       4
     -20
       3
      -3
      -7
       1
      -7
      -5
       0
       2
       1
       8
      -5
      -3
       9
       3
       7
      14
       2
       7
      10
      16
      11
       4
       7
      15
      14
       6
      12
      16
       6
      17
      11
       9
      24
      25
       9
       8
       9
      21
      22
      10
      11
      16
      15
       8
      17
      21
      15
      11
      30
      14
      13
      15
      20
      22
      11
      14
      20
      17
      16
      21
      10
      16
      18
       7
      11
      13
       9
      22
      17
      15
      18
      15
       8
      10
      13
      12
      10
      15
      17
      22
      18
      17
      16
      14
      10
      23
      16
      18
      16
      22
      24
      13
      20
      18
      18
      17
      19
      24
      18
      18
      21
      23
      19
      20
      31
      20
      20
      23
      22
      21
      19
      26
      27
      22
      23
      29
      14
      11
      19
      19
      20
      22
      16
      20
      15
      15
      25
      17
      11
      15
      16
      16
      23
      14
       8
      23
      15
      16
      23
      11
      15
      14
      18
      16
      21
      17
      16
      22
      10
      16
      17
      15
      15
      19
      18
      18
      16
      16
      18
      20
      12
      23
      19
      14
      16
      20
      16
      24
      14
       8
      25
       8
      21
      22
      15
      16
      19
      15
      21
      19
      13
      15
      16
      15
      19
      19
      13
      19
      22
      17
      16
      19
      11
      23
      22
      15
      25
      22
      17
      30
      19
      20
      39
      24
      27
      30
      23
      31
      27
      30
      34
      38
      30
      36
      46
      33
      35
      41
      39
      37
      41
      39
      40
      43
      39
      42
      42
      41
      48
      44
      43
      43
      42
      45
      43
      40
      42
      42
      37
      35
      38
      40
      35
      40
      40
      29
      42
      38
      37
      37
      33
      33
      35
      31
      42
      31
      39
      32
      29
      37
      27
      37
      33
      28
      34
      32
      36
      27
      27
      31
      21
      23
      24
      20
      24
      21
      16
      24
      15
      19
      21
      13
      14
      15
       8
      13
       8
       9
       8
       3
       5
       4
       2
      -1
      -5
      -3
      -5
      -7
       0
     -14
     -10
     -12
     -13
     -12
     -12
     -19
     -17
     -16
     -20
     -16
     -19
     -26
     -21
     -27
     -25
     -22
     -27
     -26
     -25
     -30
     -27
     -32
     -29
     -29
     -32
     -35
     -38
     -38
     -38
     -39
     -37
     -36
     -36
     -34
     -32
     -31
     -29
     -29
     -26
     -25
     -20
     -16
     -16
     -16
     -11
     -12
     -11
      -6
      -4
      -4
      -2
      -6
      -5
      -8
      -7
      -6
      -7
      -7
      -6
      -7
      -7
     -13
     -14
     -19
     -19
     -21
     -22
     -19
     -23
     -21
     -24
     -24
     -22
     -26
     -25
     -23
     -26
     -21
     -24
     -21
     -22
     -22
     -23
     -22
     -26
     -22
     -21
     -20
     -14
     -13
     -12
     -10
     -12
      -7
      -5
      -5
      -1
       0
      -1
       1
       0
       0
       0
      -1
      -2
      -3
      -2
      -6
      -9
     -13
     -17
     -22
     -27
     -32
     -38
     -45
     -51
     -59
     -64
     -67
     -74
     -74
     -81
     -81
     -84
     -89
     -89
     -90
     -90
     -88
     -87
     -86
     -79
     -77
     -74
     -69
     -66
     -65
     -62
     -57
     -51
     -46
     -41
     -33
     -29
     -22
     -18
     -13
      -9
      -6
      -1
       3
       6
      11
      13
      16
      16
      14
      12
      10
       8
       3
       8
      -2
      -5
      -7
     -11
     -13
     -18
     -23
     -22
     -28
     -29
     -34
     -41
     -43
     -50
     -56
     -61
     -68
     -72
     -78
     -82
     -89
     -93
    -100
    -107
    -111
    -114
    -116
    -118
    -121
    -122
    -123
    -124
    -127
    -127
    -127
    -128
    -127
    -128
    -125
    -125
    -124
    -124
    -122
    -121
    -121
    -118
    -116
    -112
    -110
    -106
    -103
    -100
     -97
     -95
     -93
     -89
     -85
     -80
     -76
     -72
     -66
     -63
     -59
     -52
     -47
     -41
     -39
     -35
     -30
     -24
     -23
     -20
     -14
     -12
      -9
      -7
      -5
      -3
       0
       2
       3
       3
       5
       7
       4
       3
       3
       1
      -5
      -7
     -10
     -16
     -22
     -25
     -29
     -32
     -37
     -41
     -45
     -46
     -49
     -52
     -52
     -52
     -54
     -53
     -54
     -50
     -50
     -51
     -48
     -48
     -45
     -43
     -43
     -41
     -39
     -38
     -39
     -38
     -35
     -36
     -33
     -33
     -32
     -31
     -28
     -29
     -26
     -24
     -23
     -25
     -17
     -17
     -14
     -15
     -12
     -10
     -10
     -10
      -1
       6
      15
      24
      37
      51
      61
      66
      69
      75
      75
      75
      72
      76
      78
      80
      80
      85
      87
      88
      84
      82
      82
      83
      83
      82
      89
      95
      99
     102
     106
     109
     110
     111
     113
     116
     120
     123
     124
     127
     127
     127
     127
     127
     127
     127
     125
     124
     126
     127
     127
     127
     127
     127
     127
     127
     127
     127
     127
     127
     127
     127
     127
     127
     127
     127
     127
     127
     127
     126
     124
     122
     121
     119
     119
     118
     118
     115
     116
     115
     111
     106
     102
      98
      92
      87
      79
      76
      71
      64
      57
      49
      46
      47
      56
      72
      93
     108
     116
     118
     115
     105
      88
      68
      55
      49
      38
      32
      25
      19
       3
      -5
     -26
     -34
     -44
     -46
     -44
     -39
     -27
     -24
     -19
     -23
     -21
     -25
     -24
     -28
     -20
     -20
     -17
     -17
     -17
     -21
     -28
     -39
     -45
     -51
     -53
     -55
     -54
     -49
     -48
     -48
     -50
     -50
     -50
     -48
     -47
     -41
     -35
     -25
     -25
     -22
     -22
     -24
     -28
     -31
     -29
     -32
     -31
     -31
     -30
     -30
     -32
     -32
     -33
     -36
     -32
     -30
     -28
     -23
     -18
     -16
     -14
     -13
     -13
     -12
      -8
      -7
      -5
      -3
       0
       0
      -1
      -3
      -2
      -3
      -2
      -4
       9
      28
      34
      41
      38
      41
      25
      20
       1
      19
      10
      15
      12
      27
      10
      16
      -1
       1
       3
       8
      11
      16
      29
      26
      30
      14
      17
      14
      13
      11
      11
      23
      14
      14
       4
       7
       3
      -2
      -2
       1
       4
       2
       3
       0
      -2
      -2
     -14
     -18
     -23
     -24
     -37
     -41
     -48
     -47
     -47
     -50
     -36
     -10
      25
      58
      84
      97
      92
      85
      60
      49
      35
      29
      35
      23
       9
      -4
     -22
     -54
     -56
     -62
     -51
     -38
     -24
     -15
      -7
      -6
     -12
      -8
      -3
       5
      16
      22
      21
      15
       5
     -16
     -30
     -36
     -39
     -38
     -38
     -36
     -39
     -45
     -54
     -53
     -51
     -44
     -30
     -19
     -12
      -7
      -8
     -16
     -16
     -20
     -19
     -16
     -15
     -15
     -17
     -26
     -36
     -41
     -43
     -45
     -38
     -34
     -28
     -26
     -27
     -28
     -26
     -23
     -16
     -11
      -6
      -1
       0
      -7
     -11
     -13
     -15
     -15
     -13
     -11
     -11
       0
      15
      11
      10
      13
      14
      11
      12
      -5
      19
       8
       9
      -8
      10
     -11
       0
      -4
      -1
       9
      15
      12
       5
       8
       2
       5
      -4
       0
       5
       8
      -4
     -10
      -4
     -10
     -11
     -13
      -8
      -1
      -1
      -8
      -5
      -5
      -6
     -12
     -12
     -14
      -7
     -19
     -31
     -38
     -43
     -55
     -54
     -60
     -56
     -52
     -28
       4
      45
      90
     107
     114
      97
      86
      63
      58
      48
      38
      44
      17
     -18
     -35
     -52
     -62
     -47
     -30
      -9
       5
       2
      -2
       5
      11
      22
      37
      53
      54
      52
      29
      15
       8
      -4
      -3
      -3
      -3
      -7
     -13
     -29
     -32
     -23
     -19
      -7
      10
      12
      15
      17
      12
      13
      25
      25
      28
      28
      20
       9
       1
      -8
      -6
      -4
      -4
      -3
      -4
      -7
     -12
      -7
      -3
       7
      12
      14
      17
      17
      12
      12
      14
      18
      16
      17
       9
       5
       2
      -2
      -4
      -1
       0
       3
       2
       2
      33
      33
      51
      22
      46
      25
      33
      12
      10
      32
      22
       6
      -1
      -4
     -10
     -10
     -10
      -1
      11
      14
       1
       2
       8
       7
       5
       9
      10
      10
       2
     -15
     -15
     -17
     -12
     -13
      -8
      -6
      -6
     -12
     -20
     -11
     -14
     -11
     -13
     -14
     -19
     -24
     -31
     -36
     -29
     -30
     -40
     -47
     -56
     -67
     -72
     -78
     -67
     -32
      12
      36
      80
      79
      77
      50
      48
      42
      56
      47
      21
       8
     -29
     -54
     -54
     -53
     -37
     -16
     -12
     -18
     -24
     -17
     -12
      10
      27
      40
      35
      27
       9
       6
       0
       6
       5
       5
     -13
     -22
     -37
     -37
     -26
     -15
     -10
      -6
      -9
     -11
     -10
      -1
      10
      21
      21
      15
       8
       0
      -4
       0
       4
       3
       0
      -8
     -15
     -16
     -15
      -9
      -3
       1
       0
      -6
      -7
      -6
       4
       4
      10
      10
       5
       1
       0
      -1
       2
       5
       4
      -2
      -5
     -10
      -9
      -4
      -1
       1
      -1
       7
      37
      32
      29
      19
      22
      10
      26
       6
      27
       4
       0
     -23
      -7
     -15
      -2
       5
       5
       4
       2
      -8
      -7
       7
      10
      11
       0
       0
     -12
     -11
     -14
      -5
      -2
      -8
     -12
     -18
     -17
     -16
     -11
     -10
      -6
     -13
     -22
     -26
     -21
     -20
     -15
     -20
     -20
     -26
     -37
     -40
     -39
     -34
     -43
     -49
     -61
     -67
     -71
     -39
       4
      38
      69
      59
      54
      39
      49
      53
      61
      49
      19
       2
     -31
     -43
     -24
     -23
     -18
     -22
     -32
     -42
     -31
      -9
       6
      24
      22
      17
       7
      12
      18
      23
      25
      17
       1
     -15
     -21
     -15
     -11
      -9
     -13
     -23
     -29
     -25
     -16
      -4
       5
       6
       1
       0
      -1
       8
      15
      14
       9
       2
      -4
      -8
      -6
      -2
      -1
      -3
     -13
     -17
     -15
     -10
      -1
      -1
      -2
      -6
      -5
      -4
       4
       6
       8
       7
       1
      -2
      -5
       2
       2
       2
       0
      -7
      -9
     -10
      -9
      -6
      -6
      -4
      -9
      -5
       7
      37
      33
       9
      10
      11
      16
      31
       7
      25
      -5
     -15
     -27
      -8
      -9
       5
      -2
     -14
     -15
      -6
      -5
       9
      14
       6
      -3
      -9
      -2
      -2
       8
      -2
      -5
     -18
     -24
     -17
     -12
      -5
      -9
     -18
     -22
     -15
     -12
      -8
      -5
      -5
     -13
     -14
     -17
      -9
      -9
     -12
     -21
     -26
     -29
     -26
     -23
     -27
     -39
     -43
     -51
     -46
     -37
     -18
      -8
       2
       9
      21
      43
      49
      48
      50
      49
      43
      29
      18
      10
       4
      -6
     -16
     -20
     -24
     -22
     -22
     -21
     -13
     -10
      -4
       3
      13
      13
      18
      22
      22
      21
      17
      11
      13
      11
       7
      -2
      -5
     -13
     -12
     -13
     -13
     -13
     -11
     -12
      -6
      -3
      -3
       1
       7
       6
       9
      12
      13
      15
      11
       8
       7
       5
       1
      -1
      -1
      -6
      -8
     -11
     -11
      -6
      -6
      -7
      -7
      -6
       0
       3
       7
       5
       5
       5
       3
       5
       3
       4
       3
       0
      -4
      -5
      -5
      -5
      -6
      -7
      -5
      -4
      -4
      -2
      47
      26
      19
      -2
      20
      16
      38
      -8
      16
      -9
      -4
      -8
      10
       6
       7
      -7
     -20
      -7
       7
       4
       5
       5
      -6
      -5
       1
       8
       3
       4
      -9
      -8
     -10
      -5
       6
      -1
      -6
     -11
     -14
     -10
      -4
      -3
     -10
      -9
     -14
     -18
      -8
      -8
     -11
     -15
     -20
     -19
     -17
     -13
     -18
     -18
     -24
     -28
     -25
     -25
     -27
     -26
     -18
      -8
      -1
       6
      14
      26
      39
      32
      37
      33
      34
      30
      28
      15
       8
       7
      -2
      -7
      -7
     -14
     -11
     -16
     -12
     -16
      -8
      -3
      -2
       2
       5
       9
      14
      16
      21
      13
      14
      11
      14
      10
       9
       3
      -2
      -3
      -5
      -8
      -8
     -10
      -9
      -8
      -6
      -4
      -3
       0
       2
       4
       6
       6
      10
       9
      11
       8
       7
       3
       6
       5
       3
      -1
      -1
      -2
      -3
      -5
      -5
      -5
      -3
     -28
      -3
      24
      -9
      -9
      13
       2
     -13
      14
      12
      -4
       8
       8
      -5
       2
      12
      -7
       0
       0
      -1
      -1
      -7
       5
      -2
      -5
       4
      -3
       3
       2
       3
       4
       0
       4
       3
       7
       7
       1
       1
       1
       0
      -2
       0
      -2
      -2
      -1
      -5
      -2
      -2
      -4
       2
      34
      17
       5
      -4
      21
      14
      27
      -4
       6
      -4
      -3
      -1
      11
      -3
      -3
     -10
     -13
      -5
       2
       2
      -2
      -1
      -9
      -3
       7
       5
       1
      -6
      -2
      -1
       4
       1
       1
      -5
      -9
      -6
      -3
       0
      -1
      -6
      -8
      -6
      -4
      -5
      -3
      -5
      -9
      -9
      -6
      -5
      -2
      -5
      -6
      -7
      -6
      -4
      -3
      -3
      -3
      -5
      -7
      -7
      -6
      -8
      -7
      -8
     -10
     -12
      -9
      -4
       0
      -3
      -4
      -2
       2
       7
       9
       8
       6
       8
       7
       8
      11
      10
       8
       8
       5
       5
       4
       6
       4
       3
      -1
      -1
       0
       2
       1
       0
      -2
      -1
      -2
       1
       1
       2
      -1
      -1
       1
       2
       2
       3
       1
       2
       1
       2
       1
       1
       1
      -1
       1
       1
       1
       0
       1
      -1
       0
       0
       1
       1
       0
       0
       1
      -1
      -1
      -2
      -1
       0
      -2
      -2
      -1
      -2
      -2
       1
       1
       2
       1
      -1
       0
       1
       1
       1
      -2
       0
      -1
       0
       0
       1
       0
      -1
      -1
       0
       0
       1
      -1
      -3
       0
       0
      -1
       0
       0
      -1
       0
       0
      -1
      -1
       0
       0
      -2
       0
      -1
      -1
      -1
       1
       0
       0
       0
      -1
      -2
      -2
      -3
      -2
      -3
      -3
      -1
      -2
      -2
      -1
      -2
      -2
      -2
      -1
      -1
      -1
      -2
      -2
      -2
      -1
      -2
      -3
      -1
      -1
      -2
      -2
       0
       1
      -1
      -1
      -1
       0
       0
       0
       0
       0
       0
       1
       1
       1
       0
       1
       0
       0
      -1
       1
       1
       1
       2
       2
       1
       2
       2
       2
       1
       1
       1
       0
       2
       0
       0
       1
       1
       0
       0
       0
       0
      -1
      -1
       2
       1
      -1
       1
       0
       0
       1
       0
       0
       0
       0
       0
      -1
       0
      -2
       1
       1
      -1
       0
       0
       0
       1
       2
       0
       2
       0
       0
      -1
      -2
      -2
       0
      -1
      -1
      -1
      -1
       0
       1
       1
       1
       1
       0
       2
       0
       1
       1
       1
       1
       2
       0
       1
       1
       0
       0
       1
       1
       1
       0
       1
       1
       1
       2
       1
       0
      -1
       1
       1
       1
       1
       2
       2
       1
       1
       2
       1
       1
       1
       0
       1
       1
       0
       1
       1
       2
       1
       2
       1
       0
       1
       1
       0
       1
       0
       1
       1
       0
       1
       1
       0
       0
       0
       1
       0
      -1
      -1
      -1
      -1
      -1
      -1
      -2
      -1
      -1
      -2
      -2
      -1
      -1
       0
      -1
      -3
      -2
      -1
      -4
      -2
      -3
      -4
      -3
      -4
      -3
      -3
      -3
      -4
      -7
      -4
      -4
      -4
      -3
      -2
      -3
      -3
      -3
       0
       0
       0
       1
       1
       3
       2
       4
       3
       3
       5
       4
       5
       4
       3
       4
       5
       4
       3
       4
       3
       1
       0
       1
       0
       1
       2
       0
      -1
       0
       0
      -2
       0
       0
      -2
      -3
      -1
      -2
      -2
      -3
      -3
      -3
      -2
      -1
      -3
      -3
      -2
      -1
      -1
      -1
       0
      -1
       1
      -1
       0
       1
       1
       2
       1
       1
       1
       2
       2
       1
       0
       1
       0
       1
       0
       0
       1
       0
       0
      -1
      -1
      -1
       0
       1
       1
       1
      -1
      -2
      -2
      -2
      -2
      -1
      -2
      -2
      -2
      -2
      -2
       0
       1
       0
      -1
       0
       0
       0
       1
       1
       0
       2
       0
       1
       1
       0
       0
       0
       1
       0
      -1
       0
       1
       0
       0
       1
       0
       0
      -1
       1
       0
      -1
       1
       0
       0
      -1
      -1
      -1
       0
      -2
      -1
      -1
       0
       0
      -1
      -2
      -2
      -2
      -1
       1
      -1
      -1
       0
      -2
       0
       0
      -1
      -1
      -1
      -1
       0
      -1
       0
       0
       0
       0
       1
       1
       0
       0
       0
       0
       1
       0
       0
       0
       1
       1
       2
       1
       1
       2
       1
       2
       1
       1
       1
       1
       0
       1
       0
       1
      -1
       0
      -1
       1
       0
       1
       2
       1
       0
       1
       0
       1
       1
       2
       1
       1
       2
       1
       1
       0
       0
       1
       1
       1
       1
       0
      -1
       0
      -1
      -1
       0
       2
       0
      -2
       1
       1
      -2
       0
       1
      -1
       1
       1
       1
       1
      -1
      -1
       1
       0
      -2
       2
       0
       1
       2
      -2
      -1
       1
      -2
      -2
       0
       0
      -2
      -1
       4
      -1
      -1
       4
       1
      -1
       0
       1
       0
       1
       1
       0
       0
       0
       0
      -1
      -2
       0
      -1
      -1
       0
       0
      -1
       0
       0
       2
       2
       2
       1
       1
       0
       1
       1
      -1
       1
       1
       2
       2
       1
       0
       0
       0
       1
       1
       1
       2
       0
      -1
      -2
      -1
      -1
      -1
       1
      -2
      -1
      -1
       0
      -1
       1
       0
      -1
       1
       0
       1
       1
       2
       0
      -1
      -1
      -1
      -1
       0
      -1
       0
      -1
       0
      -1
       0
       1
       0
      -1
       1
       0
       0
       1
      -1
       2
       2
      -6
      -2
       6
      -1
      -4
       3
       1
      -1
       1
       2
       1
       2
       1
       0
       0
       1
       1
       0
       1
       0
       1
       0
       0
       0
       1
      -1
       1
       0
       0
      -1
       0
       1
       1
       0
       0
       0
       0
       0
       0
       1
       1
      -1
      -1
      -2
       0
       0
       0
       1
       1
       0
       0
      -1
      -2
      -1
       0
       0
       0
       0
      -1
       1
       1
       0
       1
       0
      -1
       0
      -1
      -1
       0
      -1
      -1
      -1
      -1
      -1
       0
       0
       1
       0
       0
       1
       0
      -1
      -1
       1
      -1
       0
       1
      -1
      -2
       1
       0
       0
       0
       0
      -1
      -1
      -1
       1
       1
       1
       0
       0
       0
       0
       1
       0
       0
       1
       1
       0
       0
       0
      -1
       0
       1
       1
       0
      -1
       0
       2
       0
       0
       2
       2
       1
       1
       1
       1
      -1
       1
       0
       1
       0
       0
      -1
       0
       0
       0
       1
       0
       0
       0
       0
       0
       1
       1
       0
       0
      -2
       1
       0
       0
       2
       2
       1
       2
       1
      -1
       0
       1
      -1
       1
       0
       0
       0
       0
      -2
      -1
       0
       1
       1
       0
       0
       1
       0
       0
       2
       0
       1
       0
       1
       0
      -1
      -1
      -2
      -1
      -1
       0
       1
       0
       0
       0
       0
       0
       0
      -1
       0
       0
       0
      -1
       1
       1
       0
       0
      -1
       0
       2
       1
       1
       1
       1
       0
       0
       1
       1
       1
       2
       1
       1
       2
       1
       2
       1
       1
       0
       0
       0
       2
       1
       0
       0
      -2
      -1
       0
       0
      -1
      -2
      -1
      -1
      -2
      -2
       0
       0
       1
       1
       0
       1
       1
       0
      -1
       0
       1
       1
      -1
       0
       0
       1
       1
       0
       1
       0
       0
       0
       0
       0
      -1
      -1
       0
       0
      -1
       0
       0
       0
       0
       0
       0
       0
      -1
       0
       1
       0
       0
       0
       0
       2
       0
       1
       2
       1
       1
       1
       1
       1
       0
       1
       1
       1
       2
       2
       1
       0
       1
       0
       1
       1
       2
       0
       0
       2
       1
       0
       0
      -1
      -1
       0
       1
       1
       2
       2
       1
       1
      -1
       0
       1
       1
      -1
       1
      -1
      -1
       1
       1
       1
       0
       0
       2
       2
       1
       1
       1
       0
       0
       0
       0
      -2
       0
       1
       0
       1
       2
       0
       0
       0
       0
       0
       0
       0
       1
       1
       0
       0
      -2
       0
       1
       0
       0
      -1
       0
       0
       0
       0
      -1
       0
       1
       0
       0
       0
      -1
       2
       1
       0
       1
       1
       1
       1
       0
       1
       0
       1
       1
       1
       1
       2
       2
       2
       1
       2
       0
       1
      -1
      -1
       0
       1
      -1
      -1
      -1
       1
       0
      -1
       1
      -1
       0
       1
       0
       0
       0
       1
      -1
      -1
       0
      -1
       0
       0
       2
      -1
       0
       0
      -1
       0
       1
      -1
       0
       0
       0
       0
      -1
       0
      -1
       1
       0
       0
       0
       1
       1
       0
       1
       1
       0
       0
       1
      -1
       0
       0
      -1
       1
      -1
       0
       1
       0
       0
      -1
       1
       0
       1
       1
      -1
       0
       0
      -1
      -1
       0
      -1
       1
       1
       0
       0
       1
       1
       1
       0
       1
       0
       1
       1
       0
       0
       0
       1
       1
       0
       2
       1
      -1
      -1
      -1
      -1
      -1
      -1
      -1
       0
       0
       0
      -1
       0
       0
       0
       1
      -1
       0
       1
       0
       0
       0
      -1
       0
       0
       0
       0
      -1
       0
      -1
       0
      -1
      -2
      -1
      -2
      -2
      -2
      -1
      -1
      -1
       0
       0
       0
       0
       0
       0
       1
       0
       0
       0
       0
      -1
      -1
       0
       0
       0
       0
       1
      -1
       0
       0
       0
       1
       0
       1
       1
       2
       1
       1
       1
       1
       0
       0
      -1
       0
       0
       0
      -1
       0
      -1
      -1
       0
       1
       0
       1
       0
       1
       1
       2
       0
       1
       2
       1
       2
       0
       1
       1
       0
       2
       2
       1
       0
      -1
       0
       0
       2
       2
       2
       1
       1
       1
       2
       0
       2
       1
       1
       0
       0
       1
       1
       1
      -1
       0
       1
       1
       0
       1
       1
       1
       1
       1
       1
       1
       0
      -2
       0
       1
       0
      -1
       0
       0
       0
      -1
       0
       0
       0
       0
      -1
       0
       0
       0
      -1
       0
       1
       1
       0
       0
       1
       0
       0
       0
      -2
      -2
      -1
      -1
       0
      -1
      -1
      -1
      -2
      -2
      -2
      -2
      -1
       0
       0
      -1
       0
      -2
      -1
       0
      -1
       0
      -1
       0
       0
       1
       0
      -1
       0
       0
       0
       1
       1
       1
       0
       1
       1
      -1
       0
       0
       1
       0
       1
       1
       0
      -1
       0
       0
      -1
      -1
      -1
      -1
       1
       0
      -1
       0
      -1
       0
      -2
      -1
      -1
      -1
      -1
      -2
      -2
      -1
       0
       0
      -1
      -1
      -1
      -1
      -1
       0
       0
       1
      -2
      -2
      -2
      -2
      -2
      -1
       0
       0
      -1
       0
       0
       0
       1
       1
       0
       1
       0
       2
       1
       0
       0
       1
       1
       2
       0
       0
       1
       1
       1
       1
       0
       0
       1
       1
       1
       1
       1
       1
       1
       1
       1
       2
       2
       1
       1
       0
       1
       1
       1
       2
       0
       1
       2
       1
       1
       2
       2
       2
       3
       2
       2
       2
       2
       0
       0
       0
       0
       0
       0
       0
       0
      -1
       0
       0
       1
       1
       1
       0
       0
       0
      -1
       0
       0
       1
      -1
       0
      -1
      -1
      -2
      -1
       0
       0
       0
       0
      -1
      -1
       0
      -1
      -2
      -1
       0
       0
       0
       1
      -1
      -1
      -1
      -1
       0
       0
       1
       0
       0
      -1
       1
       0
       0
      -1
      -1
       0
       0
      -1
       0
       0
       0
       0
      -1
      -1
       1
       0
       0
       0
       0
      -1
       0
       0
      -1
      -1
      -1
       0
       0
       1
       1
       2
       1
       1
       0
       0
       0
       0
       0
       0
      -1
      -1
       0
       0
       1
       0
      -2
      -1
       0
       1
       0
