    1900      10
    1901       3
    1902       5
    1903      24
    1904      42
    1905      64
    1906      54
    1907      62
    1908      49
    1909      44
    1910      19
    1911       6
    1912       4
    1913       1
    1914      10
    1915      47
    1916      57
    1917     104
    1918      81
    1919      64
    1920      38
    1921      26
    1922      14
    1923       6
    1924      17
    1925      44
    1926      64
    1927      69
    1928      78
    1929      65
    1930      36
    1931      21
    1932      11
    1933       6
    1934       9
    1935      36
    1936      80
    1937     114
    1938     110
    1939      89
    1940      68
    1941      48
    1942      31
    1943      16
    1944      10
    1945      33
    1946      93
    1947     152
    1948     136
    1949     135
    1950      84
    1951      69
    1952      32
    1953      14
    1954       4
    1955      38
    1956     142
    1957     190
    1958     185
    1959     159
    1960     112
    1961      54
    1962      38
    1963      28
    1964      10
    1965      15
    1966      47
    1967      94
    1968     106
    1969     106
    1970     105
    1971      67
    1972      69
    1973      38
    1974      35
    1975      16
    1976      13
    1977      28
    1978      93
    1979     155
    1980     155
    1981     140
    1982     116
    1983      67
    1984      46
    1985      18
    1986      13
    1987      29
    1988     100
    1989     158
    1990     143
    1991     146
    1992      94
    1993      55
    1994      30
    1995      18
