    1700       5
    1701      11
    1702      16
    1703      23
    1704      36
    1705      58
    1706      29
    1707      20
    1708      10
    1709       8
    1710       3
    1711       0
    1712       0
    1713       2
    1714      11
    1715      27
    1716      47
    1717      63
    1718      60
    1719      39
    1720      28
    1721      26
    1722      22
    1723      11
    1724      21
    1725      40
    1726      78
    1727     122
    1728     103
    1729      73
    1730      47
    1731      35
    1732      11
    1733       5
    1734      16
    1735      34
    1736      70
    1737      81
    1738     111
    1739     101
    1740      73
    1741      40
    1742      20
    1743      16
    1744       5
    1745      11
    1746      22
    1747      40
    1748      60
    1749      81
    1750      83
    1751      48
    1752      48
    1753      31
    1754      12
    1755      10
    1756      10
    1757      32
    1758      48
    1759      54
    1760      63
    1761      86
    1762      61
    1763      45
    1764      36
    1765      21
    1766      11
    1767      38
    1768      70
    1769     106
    1770     101
    1771      82
    1772      67
    1773      35
    1774      31
    1775       7
    1776      20
    1777      93
    1778     154
    1779     126
    1780      85
    1781      68
    1782      39
    1783      23
    1784      10
    1785      24
    1786      83
    1787     132
    1788     131
    1789     118
    1790      90
    1791      67
    1792      60
    1793      47
    1794      41
    1795      21
    1796      16
    1797       6
    1798       4
    1799       7
