       0     124       0     255
       1     124       0     255
       2     124       0     255
       3     124       0     255
       4     124       0     255
       5     124       0     255
       6     120       0     254
       7     115       0     255
       8     111       0     254
       9     106       0     255
      10     102       0     254
      11      93       0     254
      12      88       0     255
      13      84       0     254
      14      79       0     255
      15      75       0     254
      16      70       0     255
      17      66       0     254
      18      57       0     254
      19      52       0     255
      20      48       0     254
      21      43       0     255
      22      39       0     254
      23      34       0     255
      24      30       0     254
      25      21       0     254
      26      16       0     255
      27      12       0     254
      28       7       0     255
      29       3       0     254
      30       0       2     255
      31       0       6     254
      32       0      15     254
      33       0      20     255
      34       0      24     254
      35       0      29     255
      36       0      33     254
      37       0      38     255
      38       0      42     254
      39       0      51     254
      40       0      56     255
      41       0      60     254
      42       0      65     255
      43       0      69     254
      44       0      74     255
      45       0      78     254
      46       0      87     254
      47       0      92     255
      48       0      96     254
      49       0     101     255
      50       0     105     254
      51       0     110     255
      52       0     114     254
      53       0     122     254
      54       0     128     255
      55       0     131     254
      56       0     137     255
      57       0     140     254
      58       0     146     255
      59       0     149     254
      60       0     158     254
      61       0     164     255
      62       0     167     254
      63       0     173     255
      64       0     176     254
      65       0     182     255
      66       0     185     254
      67       0     194     254
      68       0     200     255
      69       0     203     254
      70       0     209     255
      71       0     212     254
      72       0     218     255
      73       0     221     254
      74       0     230     254
      75       0     236     255
      76       0     240     254
      77       0     245     255
      78       0     249     254
      79       0     254     255
      80       0     254     250
      81       0     254     241
      82       0     255     238
      83       0     254     232
      84       0     255     229
      85       0     254     223
      86       0     255     220
      87       0     254     214
      88       0     254     205
      89       0     255     202
      90       0     254     196
      91       0     255     193
      92       0     254     187
      93       0     255     184
      94       0     254     178
      95       0     254     169
      96       0     255     166
      97       0     254     160
      98       0     255     157
      99       0     254     151
     100       0     255     148
     101       0     254     142
     102       0     254     133
     103       0     255     130
     104       0     254     125
     105       0     255     121
     106       0     254     116
     107       0     255     112
     108       0     254     107
     109       0     254      98
     110       0     255      94
     111       0     254      89
     112       0     255      85
     113       0     254      80
     114       0     255      76
     115       0     254      71
     116       0     254      62
     117       0     254      62
     118       0     255      58
     119       0     254      53
     120       0     255      49
     121       0     254      44
     122       0     255      40
     123       0     254      35
     124       0     255      31
     125       0     254      26
     126       0     255      22
     127       0     254      17
     128       0     255      13
     129       0     254       8
     130       0     255       4
     131       1     254       0
     132       5     255       0
     133      10     254       0
     134      14     255       0
     135      14     255       0
     136      19     254       0
     137      23     255       0
     138      28     254       0
     139      32     255       0
     140      37     254       0
     141      41     255       0
     142      46     254       0
     143      50     255       0
     144      55     254       0
     145      59     255       0
     146      64     254       0
     147      68     255       0
     148      73     254       0
     149      77     255       0
     150      82     254       0
     151      86     255       0
     152      91     254       0
     153      91     254       0
     154      95     255       0
     155     100     254       0
     156     104     255       0
     157     109     254       0
     158     113     255       0
     159     118     254       0
     160     123     255       0
     161     126     254       0
     162     132     255       0
     163     135     254       0
     164     141     255       0
     165     144     254       0
     166     150     255       0
     167     153     254       0
     168     159     255       0
     169     162     254       0
     170     168     255       0
     171     168     255       0
     172     171     254       0
     173     177     255       0
     174     180     254       0
     175     186     255       0
     176     189     254       0
     177     195     255       0
     178     198     254       0
     179     204     255       0
     180     207     254       0
     181     213     255       0
     182     216     254       0
     183     222     255       0
     184     225     254       0
     185     231     255       0
     186     234     254       0
     187     240     255       0
     188     243     254       0
     189     243     254       0
     190     249     255       0
     191     252     254       0
     192     255     252       0
     193     254     247       0
     194     255     243       0
     195     254     238       0
     196     255     234       0
     197     254     229       0
     198     255     225       0
     199     254     220       0
     200     255     216       0
     201     254     211       0
     202     255     207       0
     203     254     202       0
     204     255     198       0
     205     254     193       0
     206     255     189       0
     207     255     189       0
     208     254     184       0
     209     255     180       0
     210     254     175       0
     211     255     171       0
     212     254     166       0
     213     255     162       0
     214     254     157       0
     215     255     153       0
     216     254     148       0
     217     255     144       0
     218     254     139       0
     219     255     135       0
     220     254     131       0
     221     255     126       0
     222     254     122       0
     223     255     117       0
     224     254     113       0
     225     254     113       0
     226     255     108       0
     227     254     104       0
     228     255      99       0
     229     254      95       0
     230     255      90       0
     231     254      86       0
     232     255      81       0
     233     254      77       0
     234     255      72       0
     235     254      68       0
     236     255      63       0
     237     254      59       0
     238     255      54       0
     239     254      50       0
     240     255      45       0
     241     254      41       0
     242     255      36       0
     243     255      36       0
     244     254      32       0
     245     255      27       0
     246     254      23       0
     247     255      18       0
     248     254      14       0
     249     255       9       0
     250     255       5       0
     251     255       5       0
     252     255       5       0
     253     255       5       0
     254     255       5       0
     255     255       0       0
