       0      25       0      86
       1      25       0      86
       2      25       0      86
       3      25       0      86
       4      25       0      86
       5      25       0      86
       6      25       0      86
       7      25       0      86
       8      25       0      86
       9      25       0      86
      10      25       0      86
      11      25       0      86
      12      25       0      86
      13      25       0      86
      14      25       0      86
      15      25       0      86
      16      25       0      86
      17       7       0      26
      18       9       0      29
      19      11       0      37
      20      13       0      40
      21      14       0      44
      22      15       0      47
      23      18       0      55
      24      20       0      58
      25      21       0      62
      26      22       0      66
      27      24       0      73
      28      24       0      76
      29      25       0      80
      30      26       0      87
      31      26       0      91
      32      27       0      95
      33      27       0      98
      34      27       0     105
      35      28       0     109
      36      28       0     113
      37      28       0     116
      38      28       0     124
      39      27       0     127
      40      27       0     131
      41      27       0     134
      42      26       0     142
      43      26       0     145
      44      25       0     149
      45      24       0     156
      46      24       0     160
      47      23       0     163
      48      22       0     167
      49      21       0     174
      50      20       0     178
      51      19       0     182
      52      18       0     186
      53      16       0     199
      54      15       0     203
      55      14       0     207
      56      12       0     212
      57      10       0     224
      58       8       0     228
      59       7       0     232
      60       3       0     245
      61       3       1     249
      62       1       1     253
      63       0       1     255
      64       4       9     255
      65       8      15     255
      66      12      21     255
      67      17      27     255
      68      25      39     255
      69      29      44     255
      70      34      50     255
      71      38      55     255
      72      46      66     255
      73      51      72     255
      74      55      77     255
      75      63      87     255
      76      68      93     255
      77      72      98     255
      78      76     103     255
      79      84     112     255
      80      89     117     255
      81      93     122     255
      82      97     127     255
      83     106     136     255
      84     110     140     255
      85     114     145     255
      86     118     149     255
      87     127     158     255
      88     131     162     255
      89     135     166     255
      90     144     174     255
      91     148     178     255
      92     152     181     255
      93     157     185     255
      94     165     193     255
      95     169     196     255
      96     174     200     255
      97     178     203     255
      98     186     210     255
      99     191     213     255
     100     195     216     255
     101     199     220     255
     102     208     226     255
     103     212     229     255
     104     216     231     255
     105     225     237     255
     106     229     240     255
     107     233     242     255
     108     237     245     255
     109     246     250     255
     110     250     251     255
     111     255     254     254
     112     255     252     251
     113     255     247     243
     114     255     244     240
     115     255     242     236
     116     255     236     229
     117     255     233     225
     118     255     230     221
     119     255     227     218
     120     255     224     214
     121     255     221     210
     122     255     218     206
     123     255     215     203
     124     255     212     199
     125     255     209     195
     126     255     206     192
     127     255     202     188
     128     255     199     184
     129     255     196     181
     130     255     192     177
     131     255     189     173
     132     255     185     170
     133     255     182     166
     134     255     178     162
     135     255     174     158
     136     255     171     155
     137     255     163     147
     138     255     159     144
     139     255     155     140
     140     255     152     136
     141     255     148     133
     142     255     144     129
     143     255     139     125
     144     255     135     122
     145     255     131     118
     146     255     127     114
     147     255     123     110
     148     255     118     107
     149     255     114     103
     150     255     110      99
     151     255     105      96
     152     255     101      92
     153     255      96      88
     154     255      91      85
     155     255      87      81
     156     255      82      77
     157     255      77      74
     158     255      68      66
     159     255      63      62
     160     255      59      78
     161     255      55      75
     162     255      51      72
     163     255      48      69
     164     255      44      66
     165     255      40      64
     166     255      37      61
     167     255      33      58
     168     255      29      55
     169     255      26      53
     170     255      22      50
     171     255      18      47
     172     255      14      44
     173     255      11      42
     174     255       7      39
     175     255       3      36
     176     255       0      34
     177     253       0      34
     178     251       0      34
     179     247       0      35
     180     242       0      35
     181     240       0      35
     182     238       0      35
     183     236       0      35
     184     233       0      35
     185     229       0      35
     186     227       0      36
     187     224       0      36
     188     222       0      36
     189     220       0      36
     190     215       0      36
     191     213       0      36
     192     211       0      36
     193     207       0      36
     194     204       0      36
     195     202       0      36
     196     199       0      36
     197     196       0      36
     198     194       0      36
     199     191       0      36
     200     186       0      35
     201     183       0      35
     202     180       0      35
     203     178       0      35
     204     175       0      35
     205     172       0      35
     206     170       0      35
     207     167       0      35
     208     164       0      34
     209     162       0      34
     210     159       0      34
     211     156       0      34
     212     154       0      34
     213     151       0      33
     214     148       0      33
     215     146       0      33
     216     143       0      32
     217     140       0      32
     218     138       0      32
     219     135       0      32
     220     132       0      31
     221     127       0      31
     222     124       0      30
     223     122       0      30
     224     119       0      29
     225     116       0      29
     226     114       0      29
     227     111       0      28
     228     108       0      28
     229     106       0      27
     230     103       0      27
     231     100       0      26
     232      98       0      26
     233      95       0      25
     234      92       0      25
     235      90       0      24
     236      87       0      24
     237      84       0      23
     238      84       0      23
     239      84       0      23
     240      84       0      23
     241      84       0      23
     242      84       0      23
     243      84       0      23
     244      84       0      23
     245      84       0      23
     246      84       0      23
     247      84       0      23
     248      84       0      23
     249      84       0      23
     250      84       0      23
     251      84       0      23
     252      84       0      23
     253      84       0      23
     254      84       0      23
     255     255     255     255
