5.43263888888888860
2.77361111111111120
3.95277777777777790
5.20694444444444480
4.03541666666666640
4.74513888888888860
6.83055555555555570
4.57916666666666660
3.23611111111111120
3.42708333333333350
5.20486111111111070
4.16458333333333370
3.14027777777777790
3.47986111111111110
2.65763888888888910
2.39305555555555570
2.81666666666666690
6.58124999999999980
6.14166666666666660
4.60555555555555520
7.00069444444444410
3.30069444444444440
3.85000000000000010
1.64236111111111120
2.41527777777777790
3.65972222222222230
3.60763888888888880
4.61875000000000040
2.30277777777777760
2.04930555555555570
2.00902777777777790
2.39722222222222210
4.22013888888888910
4.04027777777777790
4.95624999999999980
3.79722222222222210
3.03472222222222230
2.49236111111111120
2.51597222222222210
3.19513888888888880
3.14027777777777790
3.73611111111111120
2.45208333333333340
3.29791666666666660
2.16111111111111100
2.21736111111111090
4.46388888888888860
3.39166666666666660
3.04583333333333340
2.03611111111111100
2.77083333333333350
2.62430555555555540
1.62569444444444460
3.43263888888888900
2.38611111111111110
2.38680555555555560
1.46805555555555540
1.31944444444444440
1.67361111111111120
1.88888888888888880
4.16319444444444460
3.72222222222222230
2.52430555555555540
5.50069444444444410
2.09652777777777780
2.65347222222222220
3.39374999999999980
2.33611111111111120
1.97777777777777790
2.76041666666666650
1.42361111111111120
3.23958333333333350
3.33680555555555540
5.19791666666666700
3.37152777777777770
3.99236111111111120
3.91388888888888880
2.57638888888888880
2.24652777777777770
2.26041666666666650
2.42499999999999980
2.92916666666666670
3.00486111111111100
3.12430555555555540
2.37916666666666690
1.09861111111111120
1.40555555555555540
1.73055555555555560
2.81250000000000000
3.35416666666666650
4.27083333333333300
3.02777777777777770
2.33680555555555540
4.10486111111111110
1.32222222222222220
2.77499999999999990
2.84930555555555550
2.67708333333333350
1.25138888888888890
1.46180555555555560
1.55000000000000000
1.97013888888888890
3.38888888888888880
4.00416666666666640
3.63472222222222240
1.94722222222222220
2.20208333333333340
2.27916666666666680
2.92916666666666670
3.16319444444444460
2.22569444444444460
2.69652777777777790
2.01527777777777790
1.70069444444444450
1.48263888888888880
1.92638888888888890
2.37986111111111100
2.28472222222222230
2.34722222222222230
1.96458333333333330
2.13611111111111110
1.68333333333333330
1.35555555555555560
2.53680555555555550
1.64305555555555550
2.43750000000000000
1.24791666666666660
1.25000000000000000
1.11041666666666660
1.85694444444444450
2.09166666666666680
1.70347222222222230
4.00000000000000000
1.23263888888888880
1.41458333333333330
1.17986111111111100
1.42291666666666660
2.82500000000000020
2.05486111111111120
2.12083333333333310
1.14930555555555560
1.62569444444444460
1.63541666666666670
2.24166666666666670
2.79513888888888880
2.42708333333333350
1.93055555555555560
2.00694444444444460
2.68611111111111090
3.65208333333333310
2.75347222222222230
3.34375000000000000
4.83194444444444480
6.10833333333333340
1.63055555555555550
1.25625000000000010
0.91458333333333330
1.34722222222222230
2.58333333333333350
2.67638888888888890
2.54305555555555560
1.46111111111111100
1.16666666666666670
1.09027777777777770
1.15763888888888890
1.80763888888888880
1.03888888888888900
1.59513888888888890
1.02569444444444450
0.98958333333333337
0.35069444444444442
1.89722222222222210
2.42569444444444440
1.92013888888888880
2.77777777777777770
2.29861111111111120
2.14652777777777760
1.98680555555555550
2.73958333333333350
3.74374999999999990
3.35416666666666650
4.14027777777777750
3.22222222222222230
1.83541666666666670
1.63958333333333340
2.65069444444444450
3.15138888888888900
3.31319444444444460
2.48402777777777790
1.14791666666666670
1.20902777777777780
0.78958333333333330
1.36666666666666670
1.63888888888888880
1.00277777777777780
2.00833333333333330
1.02013888888888890
1.10694444444444450
0.89305555555555560
1.41250000000000010
1.77430555555555560
1.73819444444444440
2.10555555555555560
1.46805555555555540
0.95138888888888884
1.11527777777777780
1.72291666666666670
1.43055555555555560
1.69652777777777790
1.69444444444444440
1.30416666666666670
0.97291666666666665
1.29166666666666670
1.76041666666666670
2.00138888888888910
1.82638888888888880
2.00000000000000000
1.07638888888888880
1.24305555555555560
1.15277777777777770
1.95000000000000000
1.46666666666666660
1.75069444444444460
3.74166666666666670
1.34305555555555540
1.03263888888888890
1.45833333333333330
1.75833333333333330
2.15138888888888900
2.58680555555555540
1.90277777777777770
1.34722222222222230
1.25000000000000000
2.99652777777777770
0.61805555555555558
3.19375000000000010
2.22916666666666650
2.39513888888888890
2.48333333333333340
2.50416666666666690
1.70208333333333340
1.91597222222222220
2.73263888888888880
1.68611111111111110
2.99583333333333310
3.79444444444444430
6.53125000000000000
7.00277777777777820
6.70138888888888930
9.05694444444444360
5.20972222222222210
3.01111111111111110
1.54444444444444450
1.37013888888888880
1.77499999999999990
1.94305555555555550
3.03125000000000000
3.18333333333333310
3.48888888888888890
1.26805555555555550
1.59722222222222230
1.50902777777777790
1.66180555555555550
2.76944444444444440
2.44375000000000010
3.42222222222222210
1.57569444444444450
1.85763888888888880
2.06250000000000000
1.80069444444444440
2.87569444444444460
3.63680555555555560
3.58472222222222210
2.29097222222222240
1.50902777777777790
1.82569444444444450
2.15694444444444460
3.83402777777777760
2.43194444444444450
3.53888888888888880
2.00138888888888910
2.43333333333333310
3.98749999999999980
3.93958333333333320
4.78333333333333320
4.71736111111111090
3.99583333333333310
2.54375000000000020
3.40069444444444450
2.05208333333333350
2.78750000000000010
2.27152777777777760
4.61666666666666630
3.37708333333333320
1.62291666666666660
1.30347222222222210
1.64375000000000000
2.23125000000000020
3.32500000000000020
2.47361111111111100
4.28819444444444460
1.43402777777777770
1.96180555555555560
2.06250000000000000
2.96319444444444450
3.00277777777777780
5.11319444444444480
2.75416666666666690
2.53402777777777780
0.73194444444444440
0.73124999999999996
3.18680555555555540
3.67013888888888880
2.70833333333333350
4.75694444444444460
2.77777777777777770
1.89930555555555560
2.96319444444444450
2.33333333333333350
2.67638888888888890
6.81111111111111090
6.77083333333333300
5.32638888888888930
8.57222222222222290
6.42430555555555570
7.90694444444444410
10.65972222222222100
10.15625000000000000
13.29861111111111100
5.87500000000000000
3.73958333333333350
4.78402777777777820
3.61180555555555570
7.98055555555555520
8.65277777777777860
5.35972222222222250
2.82361111111111110
3.99444444444444450
4.99236111111111120
4.79999999999999980
4.50277777777777820
3.85625000000000020
8.28055555555555500
4.24652777777777770
3.82291666666666650
4.61458333333333300
4.23819444444444480
4.15694444444444410
3.58819444444444450
16.49930555555555500
3.65277777777777770
2.69791666666666650
2.76388888888888880
3.35555555555555560
3.62361111111111090
3.90277777777777770
4.70833333333333300
2.84722222222222230
2.80555555555555540
3.46736111111111090
3.54791666666666660
2.92569444444444440
3.69236111111111100
4.01180555555555520
2.66041666666666690
2.66041666666666690
3.07569444444444430
2.67638888888888890
5.00555555555555550
4.65763888888888910
6.82708333333333340
4.34722222222222230
4.16180555555555550
3.69791666666666650
3.05833333333333310
3.59652777777777780
3.83124999999999980
4.76388888888888930
3.08819444444444450
2.24027777777777760
2.66180555555555550
2.72291666666666690
4.69861111111111110
5.75069444444444410
5.13333333333333370
2.41527777777777790
1.95000000000000000
2.34027777777777770
4.04791666666666660
4.13750000000000020
3.60555555555555560
5.59166666666666680
2.66597222222222240
2.21666666666666680
2.54791666666666660
3.12430555555555540
5.68750000000000000
3.75625000000000010
5.75069444444444410
4.78749999999999960
5.32916666666666660
9.84652777777777820
3.44027777777777780
3.13680555555555560
4.14444444444444480
4.77916666666666680
2.33888888888888900
1.85763888888888880
5.55208333333333300
4.42638888888888890
3.97569444444444460
4.23958333333333300
4.06319444444444410
1.11041666666666660
5.83194444444444480
2.12083333333333310
1.99166666666666670
2.07430555555555560
2.35625000000000020
2.67708333333333350
2.11736111111111120
1.56666666666666670
1.23750000000000000
1.48611111111111120
2.90625000000000000
3.36805555555555540
2.83541666666666670
2.82430555555555560
2.09027777777777770
2.84930555555555550
3.53750000000000010
2.80347222222222210
4.75000000000000000
2.93333333333333310
3.74861111111111090
2.15277777777777770
1.47083333333333340
1.34305555555555540
1.86597222222222210
2.07916666666666660
2.60694444444444430
1.59027777777777770
1.80208333333333330
1.63194444444444440
2.11041666666666660
2.57430555555555560
2.37708333333333320
3.38333333333333330
1.91319444444444440
2.52222222222222210
1.21041666666666670
1.89513888888888890
2.70486111111111120
12.12847222222222100
7.80902777777777770
15.92361111111111100
16.48194444444444400
8.34722222222222140
8.30347222222222210
4.20277777777777750
3.91736111111111110
6.85277777777777790
1.61388888888888890
2.26180555555555560
3.31736111111111100
5.95833333333333300
7.06111111111111090
8.35555555555555610
13.46597222222222200
6.33611111111111120
5.27222222222222210
4.33680555555555540
3.35763888888888880
4.90763888888888910
5.56666666666666640
3.38680555555555560
2.29652777777777790
2.12569444444444460
2.09791666666666690
3.81319444444444460
6.94097222222222230
12.51527777777777800
9.65763888888888820
11.27569444444444400
4.82916666666666660
3.70347222222222210
5.31944444444444460
4.79097222222222200
8.98472222222222250
5.59166666666666680
2.96249999999999990
3.21736111111111090
3.34930555555555550
6.62500000000000000
8.67152777777777750
12.22916666666666600
12.27291666666666700
5.92986111111111120
3.13958333333333340
3.09513888888888910
5.02013888888888890
4.26527777777777750
4.53611111111111140
2.68055555555555540
4.52083333333333300
3.39652777777777760
5.30138888888888890
7.61249999999999980
5.03680555555555550
5.74652777777777770
8.09722222222222140
4.53472222222222230
11.32986111111111100
6.66666666666666700
15.01597222222222200
15.58125000000000100
21.02152777777777700
7.36180555555555570
3.54791666666666660
3.78333333333333320
6.97986111111111110
6.58819444444444450
6.80069444444444480
8.33333333333333390
2.95138888888888880
2.88888888888888880
3.41597222222222240
3.34791666666666690
12.18611111111111200
11.25972222222222300
10.48541666666666700
6.66597222222222200
4.96111111111111120
5.84791666666666640
8.42013888888888930
11.66666666666666600
8.29652777777777750
7.97777777777777790
6.03888888888888880
3.02708333333333310
2.95486111111111120
2.45902777777777760
2.46458333333333310
6.18541666666666680
7.86458333333333300
4.70347222222222250
3.63958333333333340
4.40555555555555590
5.35763888888888930
6.02777777777777770
8.81250000000000000
10.55555555555555500
2.85208333333333330
3.12361111111111090
10.24305555555555500
1.40277777777777770
2.07986111111111120
1.50000000000000000
2.46597222222222220
1.59166666666666660
1.53750000000000010
1.49374999999999990
1.37291666666666660
3.10763888888888880
7.60277777777777790
0.94583333333333330
0.19097222222222221
2.63194444444444460
2.14236111111111120
1.93263888888888880
2.65972222222222230
2.95138888888888880
3.87013888888888900
1.91458333333333330
1.92708333333333330
1.96875000000000000
3.40069444444444450
1.90625000000000000
2.26666666666666660
2.63750000000000020
3.52291666666666670
2.32777777777777790
4.15486111111111090
3.38194444444444460
2.59930555555555550
2.58124999999999980
4.03749999999999960
2.01874999999999980
2.07291666666666650
8.62916666666666640
4.02986111111111090
0.77500000000000002
13.21527777777777900
6.57222222222222200
1.70833333333333330
5.02777777777777770
5.73263888888888930
4.64097222222222250
4.04930555555555570
4.60763888888888930
4.83194444444444480
6.32986111111111070
2.67569444444444440
5.34999999999999960
6.70902777777777800
4.85416666666666700
3.47291666666666690
6.34305555555555590
2.11944444444444450
3.00902777777777790
2.69722222222222240
2.50277777777777780
4.44166666666666640
5.15000000000000040
4.69722222222222200
2.05486111111111120
3.09930555555555550
2.89027777777777790
2.66458333333333330
5.15625000000000000
5.37152777777777770
5.83333333333333300
3.14999999999999990
3.33958333333333310
3.77430555555555540
3.70208333333333340
6.69305555555555550
7.06666666666666640
6.13194444444444460
2.78819444444444460
2.02638888888888900
1.76527777777777770
2.54861111111111120
4.10763888888888930
4.33124999999999980
5.21736111111111090
3.07986111111111120
2.20833333333333350
2.72222222222222230
4.07569444444444430
5.30763888888888860
6.63888888888888930
7.49861111111111090
6.15000000000000040
2.79999999999999980
2.68263888888888900
2.73541666666666660
2.26666666666666660
6.20902777777777800
6.07986111111111070
4.39652777777777800
4.58263888888888890
2.68888888888888910
3.52291666666666670
4.91666666666666700
4.50069444444444410
5.61944444444444450
2.32013888888888880
2.15416666666666680
1.99513888888888880
3.98333333333333340
5.51388888888888930
5.45833333333333300
7.37986111111111140
2.62777777777777780
5.13124999999999960
4.06944444444444460
3.41666666666666650
7.20486111111111070
5.15972222222222230
7.24097222222222210
13.50694444444444500
0.59513888888888888
4.53888888888888880
5.76388888888888930
7.21041666666666630
6.61249999999999980
7.52777777777777770
2.63888888888888880
1.90277777777777770
2.40277777777777770
3.40138888888888900
5.07083333333333370
4.24375000000000040
5.94861111111111110
2.29375000000000020
2.14027777777777790
2.42152777777777790
2.71944444444444460
5.40069444444444450
8.92916666666666710
4.67777777777777800
4.00138888888888910
5.34861111111111140
3.63194444444444460
4.69722222222222200
6.02708333333333360
5.33750000000000040
4.84861111111111140
5.74305555555555540
3.47569444444444460
2.99236111111111120
3.55902777777777770
5.34722222222222230
6.36805555555555540
6.82708333333333340
2.97847222222222240
3.79166666666666650
3.61111111111111120
4.84583333333333320
6.55625000000000040
2.79583333333333340
6.35555555555555520
3.18124999999999990
3.52916666666666680
2.82152777777777790
3.41111111111111100
2.24027777777777760
14.44375000000000000
8.31944444444444460
5.58333333333333300
3.21249999999999990
5.33611111111111120
4.05208333333333300
5.48402777777777750
5.46458333333333360
6.69861111111111110
4.34027777777777770
3.10972222222222210
3.19166666666666690
4.47152777777777820
8.23680555555555570
8.08472222222222210
4.87430555555555590
9.14513888888888890
4.44444444444444460
4.24722222222222180
4.19652777777777790
6.22361111111111140
5.90208333333333360
6.43680555555555590
2.99652777777777770
2.84861111111111100
3.24374999999999990
3.18611111111111090
6.72499999999999960
6.98958333333333300
8.65208333333333360
4.37916666666666640
3.56666666666666690
3.53750000000000010
4.36111111111111070
6.42916666666666630
6.40069444444444450
6.48263888888888930
3.57569444444444430
3.07361111111111110
3.72222222222222230
3.94583333333333330
5.24930555555555590
6.19444444444444460
5.82638888888888930
3.71111111111111120
5.01250000000000020
4.85972222222222250
6.61875000000000040
5.38958333333333340
6.04861111111111070
5.91944444444444430
3.34305555555555540
7.56736111111111140
8.24166666666666710
11.13819444444444400
12.84027777777777900
9.65277777777777860
12.15069444444444400
8.94722222222222290
5.77013888888888890
8.82638888888888930
9.68750000000000000
2.43055555555555540
7.03125000000000000
10.67013888888888900
8.29166666666666610
9.40833333333333320
9.48055555555555610
7.41666666666666700
9.55625000000000040
3.52499999999999990
15.56805555555555600
6.87152777777777770
6.05555555555555540
6.69027777777777820
5.25208333333333320
6.84583333333333320
6.19166666666666640
5.85347222222222200
10.13611111111111100
2.33402777777777760
2.46249999999999990
2.53819444444444460
4.16111111111111140
3.84791666666666690
5.32638888888888930
2.11041666666666660
2.99027777777777760
2.23541666666666660
3.43750000000000000
5.35694444444444430
4.65555555555555590
5.77291666666666630
3.28750000000000010
5.01458333333333340
2.60416666666666650
2.79861111111111120
6.04999999999999980
6.36666666666666630
7.34652777777777820
3.72222222222222230
3.62500000000000000
1.81944444444444440
3.19097222222222230
5.45555555555555570
5.63194444444444460
4.30763888888888860
2.39166666666666660
2.86249999999999980
-1
2.50694444444444460
3.75000000000000000
4.37500000000000000
3.70833333333333350
4.30555555555555540
2.35416666666666650
2.22222222222222230
2.45138888888888880
4.23611111111111070
6.57638888888888930
1.49305555555555560
6.47916666666666700
2.09027777777777770
3.93055555555555540
3.12500000000000000
4.25000000000000000
4.19444444444444460
6.36805555555555540
3.03472222222222230
2.49305555555555540
2.13888888888888880
2.63888888888888880
4.20833333333333300
3.38194444444444460
6.20833333333333300
2.31250000000000000
2.63194444444444460
4.66666666666666700
6.18055555555555540
10.95138888888888900
8.51388888888888930
7.01388888888888930
4.97222222222222230
5.05555555555555540
5.65972222222222230
6.02083333333333300
10.11111111111111100
8.25694444444444460
7.14583333333333300
7.57638888888888930
11.72916666666666600
20.61111111111111100
14.10416666666666600
0.43055555555555558
1.23611111111111120
0.54861111111111116
23.04166666666666800
6.56250000000000000
13.38194444444444500
8.59027777777777860
11.10416666666666600
10.12500000000000000
16.25000000000000000
4.09027777777777770
3.09722222222222230
7.43055555555555540
4.90972222222222230
4.50000000000000000
5.68055555555555540
7.95138888888888930
2.61805555555555540
1.93055555555555560
2.69444444444444460
3.29166666666666650
5.00694444444444460
4.47916666666666700
5.07638888888888930
2.62500000000000000
2.79166666666666650
3.17361111111111120
3.26388888888888880
5.89583333333333300
7.16666666666666700
7.29861111111111070
3.35416666666666650
4.68750000000000000
5.63194444444444460
8.04861111111111070
5.25000000000000000
6.03472222222222230
9.58333333333333390
7.61111111111111070
5.84722222222222230
6.86805555555555540
6.84027777777777770
4.73611111111111070
4.83333333333333300
9.65972222222222140
3.46527777777777770
3.79166666666666650
2.54861111111111120
3.29861111111111120
4.25694444444444460
5.32638888888888930
5.75000000000000000
2.96527777777777770
2.84722222222222230
3.40277777777777770
0.00000000000000000
2.75694444444444460
5.57638888888888930
5.34027777777777770
6.70138888888888930
5.32638888888888930
2.77777777777777770
-1
-1
4.36111111111111070
3.88194444444444460
3.89583333333333350
2.84027777777777770
2.54861111111111120
2.70833333333333350
1.81944444444444440
2.95833333333333350
3.53472222222222230
3.81250000000000000
2.75694444444444460
2.48611111111111120
2.19444444444444460
2.83333333333333350
4.79861111111111070
4.97222222222222230
5.86111111111111070
-1
-1
2.90277777777777770
3.13194444444444460
5.34027777777777770
5.45833333333333300
5.79861111111111070
3.40277777777777770
2.57638888888888880
3.56944444444444460
3.81944444444444460
6.04861111111111070
6.06944444444444460
7.56250000000000000
4.08333333333333300
3.42361111111111120
2.79166666666666650
4.55555555555555540
6.68750000000000000
6.27083333333333300
8.54166666666666610
3.94444444444444460
4.00694444444444460
4.31250000000000000
11.05555555555555500
17.09722222222222100
15.70138888888888900
14.25000000000000000
11.59027777777777900
12.20833333333333400
13.33333333333333400
11.64583333333333400
12.78472222222222100
11.29166666666666600
11.95833333333333400
9.33333333333333390
4.62500000000000000
4.06250000000000000
4.52083333333333300
6.72222222222222230
4.91666666666666700
5.56944444444444460
2.47222222222222230
1.82638888888888880
1.71527777777777770
2.65972222222222230
4.61805555555555540
3.86111111111111120
7.38194444444444460
2.80555555555555540
2.81250000000000000
2.91666666666666650
3.41666666666666650
2.95138888888888880
5.99305555555555540
4.65972222222222230
2.43055555555555540
2.29166666666666650
2.27083333333333350
3.34027777777777770
4.38194444444444460
3.68055555555555540
4.89583333333333300
2.35416666666666650
2.34722222222222230
1.93055555555555560
2.50000000000000000
4.43750000000000000
5.27777777777777770
5.86805555555555540
2.80555555555555540
2.42361111111111120
3.66666666666666650
4.70833333333333300
6.01388888888888930
4.72222222222222230
6.90277777777777770
4.99305555555555540
3.35416666666666650
3.21527777777777770
2.52083333333333350
4.86805555555555540
5.15277777777777770
5.90972222222222230
3.77083333333333350
2.11111111111111120
1.94444444444444440
3.78472222222222230
6.79861111111111070
4.68055555555555540
2.87500000000000000
7.98611111111111070
2.90972222222222230
5.95138888888888930
4.84027777777777770
4.42361111111111070
5.54861111111111070
6.80555555555555540
5.11111111111111070
5.90277777777777770
6.52083333333333300
12.77777777777777900
7.20138888888888930
9.61805555555555540
9.01388888888888930
10.78472222222222100
8.19444444444444460
9.93055555555555540
11.63888888888888900
9.93055555555555540
10.56944444444444500
10.65277777777777900
10.60416666666666600
8.45833333333333390
11.40972222222222100
13.31944444444444500
14.88194444444444500
6.38194444444444460
9.88194444444444460
7.81944444444444460
9.29166666666666610
14.65277777777777900
11.31250000000000000
11.02083333333333400
13.75000000000000000
11.89583333333333400
8.53472222222222140
7.52777777777777770
8.40972222222222140
9.72916666666666610
9.79861111111111070
12.62500000000000000
12.82638888888888900
15.40972222222222100
9.97222222222222140
9.68750000000000000
7.23611111111111070
6.45138888888888930
11.88888888888888900
4.15277777777777770
3.81250000000000000
3.20833333333333350
3.98611111111111120
9.07638888888888930
4.72916666666666700
5.80555555555555540
4.55555555555555540
4.75694444444444460
4.37500000000000000
3.89583333333333350
6.15277777777777770
5.85416666666666700
6.18750000000000000
3.79861111111111120
5.06250000000000000
4.31250000000000000
4.89583333333333300
6.88888888888888930
5.79166666666666700
6.79861111111111070
5.95138888888888930
6.59027777777777770
7.89583333333333300
4.79166666666666700
5.56250000000000000
5.03472222222222230
4.44444444444444460
5.06250000000000000
3.78472222222222230
3.46527777777777770
3.65277777777777770
6.72222222222222230
7.59027777777777770
3.83333333333333350
3.56944444444444460
5.31250000000000000
4.56250000000000000
3.50694444444444460
4.79861111111111070
5.25694444444444460
5.56944444444444460
3.98611111111111120
3.18750000000000000
3.54166666666666650
3.52777777777777770
8.14583333333333390
5.47916666666666700
7.45833333333333300
4.59027777777777770
9.86111111111111070
2.54166666666666650
7.09722222222222230
7.16666666666666700
7.21527777777777770
8.31944444444444460
6.41666666666666700
5.65277777777777770
5.84027777777777770
6.14583333333333300
9.17361111111111070
8.45138888888888930
7.73611111111111070
5.91666666666666700
7.25694444444444460
7.81944444444444460
8.06944444444444460
10.42361111111111100
15.01388888888888900
10.18750000000000000
10.58333333333333400
7.14583333333333300
6.38194444444444460
6.45833333333333300
10.01388888888888900
14.02083333333333400
14.30555555555555500
12.72222222222222100
12.47222222222222100
12.62500000000000000
12.34027777777777900
13.12500000000000000
12.75000000000000000
14.08333333333333400
12.18750000000000000
3.90277777777777770
7.68055555555555540
7.50000000000000000
13.78472222222222100
10.59722222222222100
14.79166666666666600
10.33333333333333400
10.04861111111111100
10.63194444444444500
11.02083333333333400
10.13194444444444500
8.67361111111111070
10.59027777777777900
6.91666666666666700
7.07638888888888930
7.72222222222222230
3.43055555555555540
4.24305555555555540
2.78472222222222230
5.55555555555555540
3.29166666666666650
2.45833333333333350
3.11111111111111120
3.06944444444444460
4.75000000000000000
4.45138888888888930
5.50000000000000000
2.92361111111111120
3.55555555555555540
2.79861111111111120
2.61805555555555540
4.16666666666666700
5.40972222222222230
8.22222222222222140
3.09722222222222230
2.19444444444444460
2.59027777777777770
2.39583333333333350
3.72916666666666650
3.28472222222222230
5.68750000000000000
3.02083333333333350
2.44444444444444460
3.04166666666666650
5.44444444444444460
4.79861111111111070
2.95138888888888880
4.96527777777777770
2.32638888888888880
2.63888888888888880
2.17361111111111120
2.47916666666666650
4.45138888888888930
2.70833333333333350
4.05555555555555540
2.19444444444444460
1.96527777777777770
3.47222222222222230
8.34027777777777860
3.70833333333333350
4.63194444444444460
1.65277777777777770
2.56944444444444460
4.18750000000000000
9.68055555555555540
5.01388888888888930
5.92361111111111070
8.45138888888888930
2.81944444444444460
2.48611111111111120
-1
-1
1.95833333333333330
2.47916666666666650
2.59027777777777770
3.61805555555555540
2.81250000000000000
2.38888888888888880
1.31250000000000000
1.55555555555555560
2.48611111111111120
3.15277777777777770
2.70833333333333350
0.98611111111111116
1.79861111111111120
1.12500000000000000
1.88194444444444440
2.70833333333333350
3.65277777777777770
3.40972222222222230
1.97222222222222230
2.44444444444444460
5.22916666666666700
2.75694444444444460
4.36805555555555540
3.83333333333333350
3.15277777777777770
2.48611111111111120
4.23611111111111070
2.90972222222222230
3.13888888888888880
4.10416666666666700
3.06250000000000000
3.36111111111111120
2.05555555555555540
2.27083333333333350
2.07638888888888880
2.06944444444444460
2.18055555555555540
2.65277777777777770
2.43055555555555540
1.86111111111111120
1.93750000000000000
1.54166666666666670
1.95833333333333330
3.02777777777777770
2.46527777777777770
3.09027777777777770
1.48611111111111120
1.53472222222222230
1.26388888888888880
1.72916666666666670
2.25694444444444460
1.94444444444444440
2.47222222222222230
1.77777777777777770
1.82638888888888880
1.46527777777777770
1.88888888888888880
3.43750000000000000
2.91666666666666650
3.23611111111111120
6.70138888888888930
5.73611111111111070
1.75694444444444440
1.59722222222222230
2.47222222222222230
3.22916666666666650
3.59027777777777770
1.75694444444444440
1.98611111111111120
1.90972222222222230
32.65972222222222100
3.50694444444444460
3.95138888888888880
4.54166666666666700
3.20138888888888880
3.59027777777777770
3.24305555555555540
2.41666666666666650
3.61111111111111120
2.46527777777777770
4.52083333333333300
2.61805555555555540
2.60416666666666650
2.71527777777777770
2.86805555555555540
6.80555555555555540
3.41666666666666650
5.94444444444444460
3.71527777777777770
4.45833333333333300
3.30555555555555540
2.37500000000000000
2.77083333333333350
2.84722222222222230
3.70833333333333350
2.43055555555555540
1.80555555555555560
2.48611111111111120
3.02777777777777770
5.08333333333333300
3.29166666666666650
6.52777777777777770
2.26388888888888880
3.09027777777777770
2.97916666666666650
3.10416666666666650
6.14583333333333300
5.47222222222222230
5.64583333333333300
2.63194444444444460
2.54166666666666650
2.82638888888888880
11.46527777777777900
15.31944444444444500
2.14583333333333350
5.87500000000000000
4.95833333333333300
3.09722222222222230
2.61805555555555540
3.90972222222222230
4.71527777777777770
4.04861111111111070
8.57638888888888930
3.27083333333333350
2.27777777777777770
3.89583333333333350
3.40972222222222230
4.89583333333333300
4.16666666666666700
5.34027777777777770
2.45138888888888880
2.82638888888888880
4.48611111111111070
4.77083333333333300
8.85416666666666610
6.67361111111111070
9.38194444444444460
8.54861111111111070
7.37500000000000000
5.75000000000000000
4.40972222222222230
8.52777777777777860
3.63194444444444460
5.56250000000000000
3.63888888888888880
1.84722222222222230
3.36805555555555540
2.89583333333333350
4.45833333333333300
3.79861111111111120
4.93750000000000000
3.89583333333333350
2.92361111111111120
2.97222222222222230
4.04166666666666700
7.34027777777777770
4.15972222222222230
6.50694444444444460
2.91666666666666650
2.99305555555555540
2.21527777777777770
2.29861111111111120
3.93055555555555540
3.80555555555555540
6.99305555555555540
5.25000000000000000
4.06250000000000000
3.52083333333333350
3.88888888888888880
5.40277777777777770
4.78472222222222230
6.09027777777777770
2.63194444444444460
2.47222222222222230
2.59722222222222230
2.96527777777777770
4.93055555555555540
6.40972222222222230
4.68055555555555540
5.44444444444444460
3.69444444444444460
2.45138888888888880
3.27777777777777770
4.29861111111111070
4.63888888888888930
4.69444444444444460
4.50694444444444460
3.08333333333333350
2.72916666666666650
2.78472222222222230
2.84027777777777770
3.91666666666666650
5.03472222222222230
3.06944444444444460
1.99305555555555560
2.50000000000000000
3.79166666666666650
6.00694444444444460
4.47222222222222230
5.83333333333333300
3.62500000000000000
3.62500000000000000
2.16666666666666650
4.14583333333333300
4.68750000000000000
3.74305555555555540
8.09027777777777860
3.83333333333333350
3.02777777777777770
3.00694444444444460
3.36805555555555540
6.55555555555555540
10.81944444444444500
6.34027777777777770
3.40277777777777770
3.43055555555555540
3.54166666666666650
4.31250000000000000
3.19444444444444460
6.16666666666666700
5.56250000000000000
2.56944444444444460
4.27777777777777770
3.59722222222222230
3.90277777777777770
6.11111111111111070
4.16666666666666700
3.70138888888888880
4.63888888888888930
2.75694444444444460
3.17361111111111120
4.06944444444444460
4.19444444444444460
5.38194444444444460
5.16666666666666700
3.53472222222222230
2.56944444444444460
2.65972222222222230
4.22916666666666700
5.58333333333333300
3.92361111111111120
5.50694444444444460
3.24305555555555540
2.49305555555555540
5.35416666666666700
3.29166666666666650
4.66666666666666700
4.04166666666666700
5.06250000000000000
2.89583333333333350
3.36111111111111120
3.09027777777777770
5.68750000000000000
1.91666666666666670
4.35416666666666700
4.40277777777777770
2.80555555555555540
2.60416666666666650
2.35416666666666650
2.54166666666666650
3.97222222222222230
3.03472222222222230
4.36805555555555540
1.84722222222222230
2.11111111111111120
1.86805555555555560
2.09722222222222230
3.55555555555555540
2.79861111111111120
3.27083333333333350
4.43055555555555540
1.90277777777777770
1.70833333333333330
-1
-1
3.38888888888888880
3.36111111111111120
6.64583333333333300
2.37500000000000000
1.81250000000000000
2.36111111111111120
4.76388888888888930
2.31944444444444460
2.57638888888888880
3.40972222222222230
1.27083333333333330
2.28472222222222230
4.00694444444444460
3.31944444444444460
2.44444444444444460
3.47222222222222230
2.51388888888888880
2.12500000000000000
1.93750000000000000
2.28472222222222230
3.04166666666666650
3.02777777777777770
1.90972222222222230
4.46527777777777770
2.43750000000000000
2.56944444444444460
2.77083333333333350
-1
-1
-1
4.75000000000000000
-1
-1
1.99305555555555560
2.27777777777777770
3.38194444444444460
3.26388888888888880
4.56944444444444460
2.48611111111111120
1.83333333333333330
2.84722222222222230
2.70833333333333350
2.84722222222222230
7.11111111111111070
4.46527777777777770
4.23611111111111070
3.85416666666666650
3.11805555555555540
3.17361111111111120
3.46527777777777770
3.37500000000000000
10.75694444444444500
3.27777777777777770
3.90277777777777770
3.24305555555555540
2.22916666666666650
5.61805555555555540
5.24305555555555540
10.07638888888888900
3.13888888888888880
2.25694444444444460
1.57638888888888880
4.65972222222222230
2.54166666666666650
3.05555555555555540
2.97222222222222230
3.63194444444444460
2.19444444444444460
1.54861111111111120
1.96527777777777770
-1
-1
4.69444444444444460
3.25000000000000000
2.66666666666666650
3.78472222222222230
2.70833333333333350
7.00000000000000000
3.63194444444444460
2.75694444444444460
3.04166666666666650
3.71527777777777770
3.71527777777777770
6.98611111111111070
4.70833333333333300
5.94444444444444460
9.58333333333333390
37.54166666666666400
1.50694444444444440
1.85416666666666670
1.07638888888888880
5.56250000000000000
3.47222222222222230
1.59027777777777770
4.71527777777777770
4.36805555555555540
1.47916666666666670
2.39583333333333350
3.93055555555555540
1.84722222222222230
3.86111111111111120
2.29166666666666650
2.45833333333333350
1.06944444444444440
3.94444444444444460
2.36111111111111120
2.79166666666666650
3.51388888888888880
2.67361111111111120
3.52083333333333350
1.39583333333333330
5.75694444444444460
7.49305555555555540
7.54861111111111070
11.01388888888888900
2.19444444444444460
7.13194444444444460
4.50694444444444460
3.59027777777777770
4.77083333333333300
2.30555555555555540
7.49305555555555540
2.64583333333333350
2.56944444444444460
4.50694444444444460
0.99305555555555558
2.16666666666666650
1.54166666666666670
2.05555555555555540
1.22222222222222230
1.61805555555555560
1.70833333333333330
2.93750000000000000
2.36805555555555540
1.43750000000000000
3.17361111111111120
2.06250000000000000
4.53472222222222230
1.52777777777777770
2.51388888888888880
3.55555555555555540
0.67361111111111116
3.23611111111111120
2.64583333333333350
1.45833333333333330
1.14583333333333330
2.77777777777777770
2.29166666666666650
2.25000000000000000
2.34722222222222230
3.06944444444444460
1.51388888888888880
1.53472222222222230
2.48611111111111120
2.40277777777777770
2.04861111111111120
3.59722222222222230
5.07638888888888930
4.18055555555555540
4.05555555555555540
1.35416666666666670
4.32638888888888930
6.68750000000000000
3.15972222222222230
4.57638888888888930
2.70833333333333350
6.81250000000000000
3.84722222222222230
4.91666666666666700
4.11111111111111070
9.43750000000000000
2.56944444444444460
1.75694444444444440
2.51388888888888880
1.32638888888888880
3.56250000000000000
4.29166666666666700
3.20138888888888880
1.03472222222222230
1.50694444444444440
1.79166666666666670
1.95138888888888880
1.93055555555555560
2.20138888888888880
2.88888888888888880
1.69444444444444440
1.62500000000000000
1.72916666666666670
2.95138888888888880
4.09722222222222230
2.63888888888888880
5.06250000000000000
2.18055555555555540
4.62500000000000000
2.14583333333333350
2.14583333333333350
5.02083333333333300
4.56250000000000000
6.48611111111111070
3.04861111111111120
2.07638888888888880
2.86805555555555540
2.52083333333333350
5.90972222222222230
4.45833333333333300
4.54166666666666700
3.52777777777777770
1.83333333333333330
4.48611111111111070
-1
-1
1.98611111111111120
5.00694444444444460
3.45138888888888880
2.25694444444444460
2.34027777777777770
2.93750000000000000
4.24305555555555540
19.38194444444444300
4.95833333333333300
1.97916666666666670
2.56944444444444460
1.97916666666666670
1.99305555555555560
3.54861111111111120
3.63194444444444460
3.72222222222222230
2.40277777777777770
7.37500000000000000
-1
-1
4.38194444444444460
1.62500000000000000
5.71527777777777770
2.61805555555555540
4.97222222222222230
2.47222222222222230
2.36111111111111120
3.17361111111111120
2.85416666666666650
5.54166666666666700
3.31944444444444460
2.26388888888888880
2.61111111111111120
3.06944444444444460
5.31250000000000000
6.24305555555555540
2.93750000000000000
4.36111111111111070
1.86805555555555560
2.63194444444444460
1.04166666666666670
3.74305555555555540
4.40972222222222230
3.06250000000000000
1.77777777777777770
-1
-1
3.20833333333333350
6.26388888888888930
7.38194444444444460
4.62500000000000000
3.63194444444444460
5.65277777777777770
2.91666666666666650
6.93750000000000000
6.82638888888888930
5.11111111111111070
5.09722222222222230
5.03472222222222230
4.49305555555555540
2.99305555555555540
2.79861111111111120
5.60416666666666700
3.59027777777777770
2.52777777777777770
5.47916666666666700
1.87500000000000000
3.75694444444444460
2.26388888888888880
-1
-1
-1
-1
1.94444444444444440
1.80555555555555560
2.43055555555555540
8.54166666666666610
-1
-1
5.34722222222222230
4.44444444444444460
5.06944444444444460
3.05555555555555540
2.91666666666666650
2.98611111111111120
8.81944444444444460
2.56944444444444460
4.23611111111111070
2.08333333333333350
3.61111111111111120
2.63888888888888880
2.70833333333333350
5.06944444444444460
5.69444444444444460
3.26388888888888880
3.75000000000000000
3.40277777777777770
-1
-1
3.47222222222222230
3.61111111111111120
5.00000000000000000
3.33333333333333350
2.50000000000000000
1.66666666666666670
3.81944444444444460
2.63888888888888880
3.95833333333333350
3.54166666666666650
3.40277777777777770
2.63888888888888880
3.26388888888888880
3.05555555555555540
2.84722222222222230
3.54166666666666650
2.15277777777777770
2.56944444444444460
1.87500000000000000
1.87500000000000000
1.87500000000000000
2.15277777777777770
3.12500000000000000
5.06944444444444460
3.88888888888888880
7.43055555555555540
2.29166666666666650
5.13888888888888930
2.15277777777777770
2.01388888888888880
6.38888888888888930
3.54166666666666650
0.83333333333333337
1.52777777777777770
2.36111111111111120
1.73611111111111120
3.05555555555555540
2.84722222222222230
4.51388888888888930
1.45833333333333330
2.29166666666666650
2.22222222222222230
2.29166666666666650
1.87500000000000000
2.15277777777777770
6.45833333333333300
2.43055555555555540
2.84722222222222230
2.29166666666666650
2.22222222222222230
3.33333333333333350
2.43055555555555540
6.94444444444444460
1.94444444444444440
2.36111111111111120
-1
-1
-1
9.23611111111111070
2.15277777777777770
3.47222222222222230
1.73611111111111120
2.01388888888888880
2.15277777777777770
3.75000000000000000
2.84722222222222230
4.16666666666666700
2.70833333333333350
1.66666666666666670
3.26388888888888880
1.66666666666666670
2.84722222222222230
3.33333333333333350
9.30555555555555540
9.93055555555555540
1.52777777777777770
2.15277777777777770
1.59722222222222230
1.66666666666666670
1.52777777777777770
7.98611111111111070
1.31944444444444440
3.40277777777777770
31.45833333333333200
5.62500000000000000
1.04166666666666670
2.15277777777777770
2.84722222222222230
15.76388888888888900
1.59722222222222230
2.01388888888888880
1.94444444444444440
4.16666666666666700
2.77777777777777770
3.68055555555555540
2.22222222222222230
1.73611111111111120
3.33333333333333350
2.22222222222222230
6.80555555555555540
2.98611111111111120
4.02777777777777770
5.06944444444444460
2.70833333333333350
0.62500000000000000
-1
-1
4.02777777777777770
5.48611111111111070
2.98611111111111120
6.04166666666666700
8.88888888888888930
4.23611111111111070
20.55555555555555700
15.62500000000000000
7.36111111111111070
5.06944444444444460
2.36111111111111120
1.80555555555555560
7.63888888888888930
8.12500000000000000
2.98611111111111120
3.81944444444444460
2.08333333333333350
1.52777777777777770
1.18055555555555560
2.08333333333333350
3.47222222222222230
2.22222222222222230
2.70833333333333350
1.59722222222222230
1.52777777777777770
3.05555555555555540
1.25000000000000000
3.88888888888888880
9.79166666666666610
5.00000000000000000
1.11111111111111120
3.19444444444444460
3.40277777777777770
2.43055555555555540
8.88888888888888930
6.45833333333333300
3.40277777777777770
3.54166666666666650
2.84722222222222230
3.05555555555555540
3.61111111111111120
3.05555555555555540
2.98611111111111120
4.37500000000000000
1.66666666666666670
1.45833333333333330
2.36111111111111120
1.73611111111111120
2.84722222222222230
3.05555555555555540
0.90277777777777779
1.45833333333333330
1.52777777777777770
1.18055555555555560
1.18055555555555560
2.15277777777777770
2.22222222222222230
1.94444444444444440
2.01388888888888880
1.52777777777777770
1.94444444444444440
0.76388888888888884
0.20833333333333334
1.45833333333333330
3.95833333333333350
1.59722222222222230
1.45833333333333330
4.44444444444444460
2.08333333333333350
2.15277777777777770
2.29166666666666650
2.70833333333333350
2.29166666666666650
1.73611111111111120
0.83333333333333337
2.15277777777777770
3.40277777777777770
2.22222222222222230
2.22222222222222230
1.87500000000000000
1.66666666666666670
1.04166666666666670
2.22222222222222230
2.98611111111111120
2.08333333333333350
1.80555555555555560
3.75000000000000000
4.23611111111111070
2.77777777777777770
2.15277777777777770
1.66666666666666670
2.70833333333333350
2.22222222222222230
3.40277777777777770
3.61111111111111120
3.26388888888888880
1.45833333333333330
4.58333333333333300
4.09722222222222230
11.80555555555555500
3.12500000000000000
2.84722222222222230
2.70833333333333350
1.52777777777777770
7.15277777777777770
3.75000000000000000
2.70833333333333350
2.84722222222222230
3.75000000000000000
3.68055555555555540
1.80555555555555560
2.70833333333333350
6.25000000000000000
3.54166666666666650
3.61111111111111120
2.50000000000000000
2.50000000000000000
4.51388888888888930
4.79166666666666700
