    1800      15
    1801      34
    1802      45
    1803      43
    1804      48
    1805      42
    1806      28
    1807      10
    1808       8
    1809       3
    1810       0
    1811       1
    1812       5
    1813      12
    1814      14
    1815      35
    1816      46
    1817      41
    1818      30
    1819      24
    1820      16
    1821       7
    1822       4
    1823       2
    1824       9
    1825      17
    1826      36
    1827      50
    1828      64
    1829      67
    1830      71
    1831      48
    1832      28
    1833       9
    1834      13
    1835      57
    1836     122
    1837     138
    1838     103
    1839      86
    1840      65
    1841      37
    1842      24
    1843      11
    1844      15
    1845      40
    1846      62
    1847      99
    1848     125
    1849      96
    1850      67
    1851      65
    1852      54
    1853      39
    1854      21
    1855       7
    1856       4
    1857      23
    1858      55
    1859      94
    1860      96
    1861      77
    1862      59
    1863      44
    1864      47
    1865      31
    1866      16
    1867       7
    1868      38
    1869      74
    1870     139
    1871     111
    1872     102
    1873      66
    1874      45
    1875      17
    1876      11
    1877      12
    1878       3
    1879       6
    1880      32
    1881      54
    1882      60
    1883      64
    1884      64
    1885      52
    1886      25
    1887      13
    1888       7
    1889       6
    1890       7
    1891      36
    1892      73
    1893      85
    1894      78
    1895      64
    1896      42
    1897      26
    1898      27
    1899      12
