-0.049873158056289
0.00067493092391168
0.0708862161884182
0.0779324260269151
0.15495211861467
0.118883818501091
0.200153775166678
0.185773815330404
0.189246015518616
0.217861732432614
0.32315754079618
0.255416180640933
0.261522416887288
0.328756101430007
0.348503235442844
0.315430014348409
0.352090403111354
0.318664072454838
0.395012296650936
0.370223924376845
0.405304741851006
0.410788792191268
0.364767527082241
0.350962843411852
0.383348703590327
0.366090848230332
0.377621717716891
0.327931339974314
0.281479850182809
0.326404353523213
0.267195871194611
0.284458883168044
0.20489301180429
0.219238316413742
0.238667438816999
0.252665867541982
0.207433196902494
0.224546172482946
0.188580419761494
0.211372208044712
0.192664106850195
0.203896773537449
0.187183302542513
0.146638797231059
0.177590953091683
0.192465249839326
0.223684860472668
0.175295778267724
0.219500524261633
0.254194707952733
0.214787825006423
0.23181680039269
0.30624585237566
0.300448607407476
0.376663519917464
0.318732436975155
0.409980157123505
0.372151648829872
0.460522258538232
0.420509520687124
0.504438562875875
0.48538777258866
0.551521529048484
0.580806982306561
0.545467177292303
0.640193407417697
0.630803636810784
0.642715452791809
0.714460869773175
0.692191956378881
0.700254791272932
0.751632782326235
0.724304479218109
0.786571758461
0.769540452108515
0.720296026852353
0.787427440273807
0.754093249129642
0.705033336738012
0.755646405641378
0.745532457842725
0.768726478375637
0.740340307521675
0.747231800678446
0.660893131335858
0.666808205730583
0.648322753926577
0.617075723411515
0.669074882659697
0.627657539570414
0.574606577607539
0.531108239259357
0.593321903989854
0.515873812570166
0.53284252249633
0.472411551991867
0.520772680074265
0.485611778459399
0.462037198515934
0.476625109737309
0.440997548641307
0.447252166077544
0.446384485023541
0.429983577477112
0.44725465538386
0.396876851282102
0.398030051189109
0.430344679847401
0.400817384460373
0.408972851180391
0.503067981196722
0.511581341737639
0.458746392862363
0.4925262933112
0.531088226860976
0.531476372203033
0.56514754662019
0.610705607591616
0.608164187874349
0.623098329980542
0.60594101330219
0.663937745135973
0.653315412004922
0.709575256244617
0.726883821951908
0.736222375838181
0.7780356695969
0.781821658708526
0.814516385812878
0.804250704949488
0.848536372328347
0.838913621433825
0.83961856143522
0.808879976432242
0.810284564921232
0.79063564556528
0.862715042689874
0.788649385430708
0.774451892740316
0.821820790802232
0.801367720623065
0.774929403084877
0.765922779286058
0.718274138951638
0.75891797987567
0.748547957666678
0.732814412227824
0.654135262495004
0.61475911102206
0.657923990638732
0.617495491515628
0.540802652927411
0.576170988186747
0.498877149192341
0.489333962625707
0.537685020741971
0.492068772712819
0.456378181744265
0.439552068283773
0.425115170584371
0.429043140242097
0.408737418675155
0.338532954547048
0.339869281394217
0.410085336590844
0.394579562513298
0.356084810563067
0.37370962735798
0.416450850453473
0.3430259426189
0.344973737681911
0.435273291018624
0.352906657373876
0.367318625840571
0.38791589576443
0.475451213764777
0.476507093475029
0.42198187390189
0.508110487558079
0.476297259293398
0.488844266772681
0.523419354538346
0.543180727528823
0.603271061111756
0.591579404134291
0.633709660816741
0.582207653156699
0.620476845890059
0.604901215356318
0.607209504315917
0.665467075144604
0.668547336153031
0.648454123901123
0.699582787128213
0.646494673834359
0.704668866394954
0.684382971730612
0.638767326126344
0.615982726369369
0.604442527963625
0.622079245556442
0.557632974854584
0.587336755106938
0.525301172038091
0.584459635942893
0.488125758797405
0.54367684700316
0.431356263611672
0.435722837969639
0.416898025783254
0.446362152189121
0.379858578619943
0.370686926433595
0.302587268622747
0.305229109416886
0.269409478802132
0.266046864443764
0.255118049637719
0.210943096340709
0.150401903778939
0.193886915726499
0.177332149355034
0.129822997335887
0.0980148879646297
0.0979419725305569
0.169520992703369
0.161598892725122
0.148292557076465
0.132942573160847
0.0970678847089849
0.160435427195073
0.0975019773688376
0.167358747757912
0.121590087077604
0.219429715221442
0.165021017958321
0.24967554954463
0.195587725338504
0.218653137703494
0.219753175256538
0.238164484871833
0.32055286464129
0.33657976156366
0.269863974360522
0.293890105166239
0.368264687998294
0.324616758166452
0.3155194522627
0.336674134139758
0.364886244946154
0.344362376157874
0.364272772179787
0.363541668872505
0.437493184843132
0.367152387792479
0.40859815576554
0.429228924643948
0.422546245444811
0.335462580379933
0.365230327358477
0.388477951125497
0.33604598462506
0.285968119296893
0.276096437137653
0.299772129039256
0.205179630058543
0.234041477357932
0.170674785570217
0.190617047206053
0.161447840190547
0.119767440996106
0.0899246650832594
0.0843683857899209
0.0954431901687426
0.0157115166454462
-0.0279782874086367
-0.0110048087727037
-0.0263482402958431
-0.103268429014437
-0.099713642512558
-0.0519141513566268
-0.0823956932100092
-0.127658264437518
-0.0863006353624915
-0.14538177155559
-0.15414352163637
-0.118060758335204
-0.119550023654284
-0.17220478840149
-0.120802152789478
-0.146663393101436
-0.165188264356878
-0.146705697037011
-0.0907643308595737
-0.075228588594369
-0.122466936103381
-0.112954123543585
-0.0694077191699925
-0.0695583462292347
-0.0602543562070836
0.0224920614622531
0.0364680617242244
0.0494185744993101
0.0101943804434902
0.0211113080878036
0.0774698446530889
0.117701150968526
0.125496908982341
0.105866916810506
0.0832042746832394
0.102967628019461
0.123005456161415
0.117159005300371
0.146284840896493
0.141600263837684
0.155852641589861
0.130847172957421
0.168337595533539
0.137624103011931
0.0698058399194455
0.138005204355964
0.0676189248368637
0.0232354821058724
0.0416682479687622
-0.0137918941496538
0.0481925761932973
-0.0191790196223174
-0.0208383191231481
-0.01773008351168
-0.069468337146514
-0.0735462257637984
-0.117662237315075
-0.143404335898237
-0.156163518246094
-0.244816936458002
-0.233162650329001
-0.210567910085121
-0.219713070819533
-0.251669889932569
-0.250702726910072
-0.300599256864045
-0.288279202548913
-0.356645150803556
-0.304619203777366
-0.305281044530292
-0.330880256506271
-0.333420671596406
-0.369195951042203
-0.312425307295567
-0.314700330203208
-0.370756038055511
-0.284261029495808
-0.328124177971382
-0.29899060692917
-0.313016609836197
-0.217299512512502
-0.235499456647015
-0.265387564446399
-0.237129357911181
-0.162072917103048
-0.189913555022477
-0.184822896520919
-0.166142923882001
-0.0738621271925901
-0.15096969645217
-0.12123207353634
-0.119703994062551
-0.0417112880445778
-0.0515423739048056
-0.0724247147158136
-0.00180001644408472
0.00193065098983886
-0.00433794353015358
-0.0485992704502123
-0.0262226014767047
0.0337431769562108
-0.0463692611875586
0.0111562386107705
0.0198586902293268
-0.0460904156044795
-0.0216982831861195
-0.0159878447893043
-0.0260602440331525
-0.037994521831232
-0.102658540119163
-0.129953610075925
-0.142329971922203
-0.205615734576987
-0.149596321777459
-0.239635621008084
-0.202093546692751
-0.276905909882223
-0.309037390384695
-0.333107871490256
-0.290576786124629
-0.283372257649672
-0.349936615518793
-0.385847315611025
-0.360207145589122
-0.437164857208089
-0.437642189724775
-0.406552881587769
-0.423326813928882
-0.445555717463469
-0.44515670617817
-0.420184279838092
-0.381893344416227
-0.462388292340062
-0.401280981035423
-0.387747572711941
-0.393997007231825
-0.376196265125085
-0.37538651480755
-0.362709078178825
-0.376824260833181
-0.334822840235059
-0.298598287924261
-0.283816997656465
-0.246144473804205
-0.206513076385685
-0.221579316355782
-0.204493394931887
-0.192367302347375
-0.177672437245581
-0.108982391883354
-0.159061437394175
-0.0935133291041815
-0.0876232635146548
-0.0710022733080097
-0.0661069831297069
-0.0654632562438088
-0.000719221103265194
-0.0324305484417912
-0.0694966882892255
-0.0499094709473675
-0.016324640472659
-0.039627592078662
-0.0173760664436485
-0.0404393622997126
-0.0169486751300482
-0.105771643948374
-0.0795127755270581
-0.0469953398552381
-0.0548449667630843
-0.0945725038757048
-0.103172202965469
-0.0988718740669637
-0.17713263326736
-0.142525299477033
-0.207479573902519
-0.186186308364557
-0.289367505132011
-0.219571474488763
-0.316118130637893
-0.339635947097856
-0.357304801598994
-0.327827440403256
-0.328068300386699
-0.348153929470947
-0.346493130077318
0.786616305168718
0.720574733614922
0.775330779980868
0.737474236916751
0.763073550537229
0.773625903390348
0.73887191824615
0.798021325562149
0.732768035959452
0.762734056543559
0.749013270158321
0.72683442607522
0.706518981233239
0.745395447593182
0.764651052094996
0.726610771380365
0.762490590754896
0.71022721612826
0.749715274386108
0.770410490687937
0.737199346255511
0.796100155171007
0.745450113434345
0.752073138300329
0.7790521976538
0.773781017865986
0.705173301231116
0.79908577632159
0.764342411514372
0.790075204242021
0.791532845981419
0.747981956414878
0.775770214665681
0.774460675008595
0.736288547422737
0.782225823588669
0.743466870952398
0.708246660511941
0.76256948010996
0.732614913024008
0.748497777897865
0.756193078309298
0.769631857611239
0.740168068464845
0.788887305743992
0.760660850070417
0.780141692329198
0.781498484499752
0.708128760941327
0.798253444395959
0.74992732014507
0.756726801674813
0.786197781097144
0.798955749254674
0.740250615589321
0.739867119025439
0.793087475094944
0.727770274784416
0.752572486083955
0.791701179277152
0.7047920640558
0.728865943755954
0.725806539971381
0.735192609764636
0.781845835503191
0.732215056847781
0.796115861460566
0.793358819466084
0.7103411170654
0.722736742999405
0.719143026974052
0.789670743513852
0.705419165082276
0.771928584203124
0.754792384617031
0.710940761957318
0.777310263831168
0.732013880368322
0.714497454557568
0.732723207678646
0.759849791042507
0.792586243990809
0.770979557093233
0.707178633846343
0.701464148424566
0.799742369167507
0.730525131523609
0.713496446516365
0.71872421130538
0.737724337540567
0.767732920031995
0.770766039378941
0.712338125426322
0.773062305804342
0.722795101348311
0.713369671348482
0.745668898336589
0.761223677638918
0.761260496079922
0.728878778126091
0.785761528927833
0.715729088429362
0.796292049624026
0.758438457734883
0.0573924181933635
0.0306579172262957
0.0261672047343576
0.00101778210516559
-0.0551720862445849
-0.0172739723322321
-0.0530004600131493
-0.077185833139545
-0.133515129763587
-0.0665978408649523
-0.101073997506901
-0.127837301874733
-0.148056517297436
-0.180859266306099
-0.138150036817667
-0.147056558424984
-0.194887043195859
-0.220505844847785
-0.217281926610813
-0.183516097607422
-0.194558208277538
-0.213414966052875
-0.241687643631259
-0.177370301997431
-0.227724165502411
-0.162186660636338
-0.218759165380095
-0.135893713316262
-0.207378735903302
-0.188046474530101
-0.150533222295812
-0.145589294158919
-0.0876004177580264
-0.111168274101495
-0.0606700425146913
-0.0207727846767576
-0.00877098180353694
0.0324234400535549
0.0419728325975526
0.111143152785859
0.120431934778436
0.137131214803695
0.162893141888041
0.187424849994443
0.203987559726702
0.136927979142105
0.184175220257017
0.150371484618868
0.201988148423432
0.176828599924804
0.18905250824968
0.24985897260267
0.23615058354007
0.246418103598912
0.248304741166664
0.207692418149094
0.15709968294996
0.174952274428766
0.168327263774323
0.14351747142076
0.173113646700059
0.0880510745237336
0.100608391035427
0.0621951034535191
0.0403935178381869
0.0257926252325507
0.0127635132707172
0.00271392523057218
0.0149132155228016
0.0225168941267174
-0.0787079183481116
-0.0510431570071209
-0.0338591312240207
-0.0513932974984792
-0.113594711652711
-0.0974124386548973
-0.146890344355143
-0.0853542180067098
-0.130636716576995
-0.181396474622662
-0.136887567764424
-0.161584981131305
-0.147272801620648
-0.0961365265232184
-0.0863978831031094
-0.124928254235328
-0.0761231552678609
-0.121035969550063
-0.0826006510678293
-0.0892443710925308
-0.0779695869593823
0.00364325903653734
0.0114928614544099
0.019771571985608
0.0487622820679841
0.0656714955987823
0.0492838712446105
0.0851778546586039
0.14194712091911
0.133097329640035
0.156129714034611
0.182581731124024
0.212781572085479
0.16949566185694
0.247768716148355
0.226748803417813
0.245545692299143
0.211836422456554
0.311291224511595
0.280619961106054
0.259646759556713
0.310534174947876
0.248147763119756
0.226296487098432
0.233525226592546
0.231278812748833
0.278922793601309
0.19766773057359
0.190223644026101
0.218467888396933
0.209595030861307
0.174598032560764
0.144354475286365
0.120071842123558
0.159300409911455
0.138511162257097
0.110652122915544
0.0740459319224156
0.0496756257403323
-0.0102789202381046
-0.0257948905084165
-0.0434004496765671
-0.0438995602438516
-0.0733332217248788
-0.0771830613320475
-0.10740850536244
-0.0787684906246654
-0.112381219983889
-0.0581967495722426
-0.0714418944030969
-0.0687545436505574
-0.14485857697492
-0.128219922409596
-0.131238204972325
-0.144816067827633
-0.076209924495802
-0.0703341019412118
-0.125432748265095
-0.0522750246206539
-0.0687864160889877
-0.00681431237494759
0.0273385017227802
0.0154128076188985
0.0528306871760959
0.0489249639261711
0.0548263057613676
0.0464720277893609
0.059929974907474
0.103739932774864
0.120916805429254
0.203786773616564
0.140940686992487
0.159303199551691
0.178394453146988
0.280880140108712
0.285584425867002
0.249346514361592
0.284288983901208
0.320345151611681
0.231352037903459
0.239219453442246
0.277427685573676
0.294383051029423
0.271994439240094
0.287285832115785
0.217780970879765
0.247049210757488
0.22769262868802
0.267986141582075
0.187391270046278
0.198043582265949
0.176674039355821
0.156338549110658
0.152716514799373
0.107939710117912
0.148363731110624
0.0739447650923044
0.0885752541540927
0.00505840693510511
-0.0218401615420206
-0.00323848564214861
-0.0361057730931392
-0.0258055811921692
-0.0757770378511207
-0.0750756056311235
-0.110402854032154
-0.0923470759318996
-0.153366544193531
-0.0849126274742011
-0.0708339749996962
-0.0810047272100417
-0.150613100376952
-0.124325959084191
-0.127850347976525
-0.080116329669092
-0.114433479360602
-0.074602401913562
-0.12893617165821
-0.0396661562802745
-0.0740303263938461
-0.0847232718528513
-0.0582150036352674
0.0324871819733807
-0.00873138386075965
0.0141495915975835
0.0274342063473068
0.0378848770987188
0.047610087660574
0.157626316905324
0.125637588139148
0.117968068598555
0.165404038951761
0.160109918069794
0.178752282118457
0.247541623817472
0.240944448538376
0.189553919317694
0.226764910790784
0.290726093025019
0.280413290700178
0.304502347123503
0.222306850098526
0.218977309773889
0.245867930464232
0.253016282480557
0.207520784268172
0.190841078342498
0.262889396353
0.233199297885946
0.152464806898758
0.193240193729999
0.189731923583201
0.115225546031223
0.15498909619269
0.144215284865092
0.0479371468189695
0.0248330414588467
0.00215929097811796
0.0572706459786327
0.01464884393711
-0.0113930379933227
-0.00650241837085142
-0.0323689578473858
-0.123134670375163
-0.0587182332821678
-0.0736075196338327
-0.0792313237410261
-0.151873118784602
-0.104389165446802
-0.155852436467968
-0.176366707888759
-0.152010525100126
-0.124913175618308
-0.153007379898383
-0.140982156026783
-0.155294016872939
-0.0900112541354494
-0.133516486053134
-0.136695317002184
-0.138632461111355
-0.103130003796623
-0.0965984605740521
-0.032256575949611
-0.0544726872813908
0.0216055445851013
0.0291187003126856
0.00318809034569231
0.102333285269803
0.0458135294927314
0.0503761170216973
0.0681579163037911
0.0908104970442494
0.156391059155239
0.137018736105755
0.159761079482261
0.182969281748025
0.177783667584194
0.212362908893623
0.267152383353474
0.185321066096073
0.246488309637125
0.205735700836771
0.227049429903239
0.222359284938119
0.247516158797698
0.166834966997937
0.241011345871736
0.181713382277568
0.212414616617656
0.141636130247501
0.154191857475697
0.120788823648572
0.0787645082030974
0.109756272733532
0.0956102760626203
0.0348992236441641
0.0112126618007483
-0.0166015005154729
-0.020024408746003
-0.0129406476070161
-0.115775683428345
-0.131931760258754
-0.128547943005876
-0.100244536553329
-0.173087668626368
-0.1144776854862
-0.190311165809603
-0.190889016786441
-0.169621018024373
-0.140743731694914
-0.201459436338206
-0.218103508527718
-0.182039640284853
-0.236917718917972
-0.142045977725375
-0.204326076512123
-0.121245243475154
-0.167017121327576
-0.160819635460239
-0.117553286965071
-0.135371362917064
-0.0574839834677688
-0.0964168678651326
-0.0641893391112016
-0.0492548632092457
-0.0582833959749194
-0.0351310810074232
-0.0184563939030142
0.0594974907114569
0.0593287601442904
0.0946325399393674
0.111426974423583
0.147550562173417
0.168058457621666
0.190798697782829
0.17982616907931
0.155585509134216
0.212446829733242
0.208573186835519
0.162721254025097
0.22033292095433
0.198912155609853
0.153458689886073
0.178678338549138
0.148523033290855
0.147597353097144
0.136030076597293
0.171518460594721
0.152395155215676
0.105779432182853
0.0881962579751679
0.0544419648900665
0.0467158504986451
0.0227301596657215
0.040958588525354
0.0156694093499355
0.00729283059239768
-0.013815540006529
-0.0362440536640971
-0.114271907822655
-0.108751650898204
-0.0794650214414986
-0.134297523852555
-0.133277996506333
-0.180667225162624
-0.152740589834546
-0.240861781400597
-0.175981499678141
-0.179237038677437
-0.192025406276161
-0.214156796911177
-0.25927565791211
-0.259018472680659
-0.249559195575216
-0.193573221232619
-0.16464301949194
-0.187327341491337
-0.22203913510047
-0.146969675614531
-0.15702398314692
-0.109720090532485
-0.137721252515511
-0.0543590155762481
-0.040147996982137
-0.0519748302361531
-0.0800406397993621
-0.0281658362182367
-0.0484503676335001
0.0413386635357898
0.0521417868599172
0.0298000093070693
0.124224497045996
0.131418411999395
0.147300709485305
0.134290802464228
0.158748877574511
0.172444004218934
0.146585768282769
0.185080940779186
0.207214582837087
0.161161236141035
0.171390634828453
0.197473201644292
0.151403956727839
0.148261757919626
0.112690972194216
0.194570611641099
0.122961435409527
0.111450105445865
0.0819626652704355
0.0610623363712685
0.0850297541031901
0.0899492974889396
0.0235360041125916
0.0584481355198084
-0.0246308861504516
-0.0195009090708801
-0.0114485010724507
-0.0981047288023866
-0.0888383604962043
-0.104867951502358
-0.129330675721486
-0.100996661464723
-0.144212942994145
-0.21899190397132
-0.195982369410958
-0.24919126019196
-0.252018476348504
-0.197274953255876
-0.276314775208573
-0.184458877307962
-0.206174508631612
-0.212398083180126
-0.210707377239287
-0.264527340422107
-0.178054864601809
-0.165827013880147
-0.228142789132298
-0.172836897265468
-0.197905396271091
-0.115782572733174
-0.0958176854281379
-0.0647512733687369
-0.0726450435828412
-0.0417129525454355
-0.00522677475788504
-0.0503277636769327
-0.0402830228830236
0.0546237019150339
0.00505038763506106
