0.0153449 -0.996292
0.0159473 -0.978358
0.0188398 -0.969115
0.0200937 -1.01191
0.0207407 -0.905724
0.0279934 -0.972392
0.0313075 -0.951489
0.0337235 -0.946647
0.0367756 -1.01098
0.0368341 -0.868515
0.0477188 -0.80683
0.0596322 -0.881267
0.0615252 -0.78137
0.0667264 -0.744788
0.0880314 -0.690646
0.106212 -0.517013
0.114755 -0.3218
0.125734 -0.254435
0.13098 -0.177192
0.132615 -0.0558737
0.140181 -0.149357
0.148275 0.136379
0.149904 -0.603297
0.159996 -0.042565
0.160516 -0.0782242
0.167491 0.297834
0.16885 -0.127587
0.17534 -0.276848
0.176078 6.15187e-005
0.18147 -0.00559782
0.183209 -0.155011
0.184511 -0.159369
0.184658 0.193051
0.193931 0.287207
0.194955 -0.263845
0.196857 -0.257829
0.202522 0.517697
0.202817 0.691028
0.202906 0.622757
0.206095 0.9498
0.20889 0.61179
0.2126 0.587528
0.231719 0.373018
0.238448 1.14451
0.248565 0.872233
0.249411 0.78026
0.251845 0.578715
0.25575 0.458164
0.255797 0.722291
0.264038 0.799332
0.265081 1.5497
0.26639 0.771772
0.269569 0.567623
0.270734 0.68592
0.272782 0.058429
0.273339 0.79593
0.282613 0.753613
0.28308 0.626745
0.298869 1.14836
0.306302 0.6821
0.312885 1.06349
0.317558 1.27522
0.328889 1.66686
0.335665 0.578128
0.353001 0.862488
0.36245 0.272926
0.384043 2.21376
0.39164 0.171188
0.399816 0.956173
0.402863 -0.301753
0.404053 0.982612
0.407062 0.478152
0.410934 1.59155
0.411243 0.861657
0.419991 0.921545
0.421003 1.49595
0.421682 0.838622
0.426531 0.599754
0.437504 -0.265972
0.441372 0.111032
0.441428 1.26982
0.444045 1.73324
0.446305 -0.174144
0.450196 -0.176507
0.457477 1.212
0.45838 -0.792555
0.458494 1.12532
0.459455 0.546594
0.465547 -0.00422573
0.479552 -0.233727
0.48511 0.614337
0.487262 -0.883268
0.490441 0.934717
0.490987 -0.0466867
0.501704 -0.621937
0.502471 -0.0154291
0.507845 0.410488
0.51288 0.397052
0.529488 -0.639838
0.532308 -0.381434
0.533466 -0.371741
0.538114 -0.656548
0.542486 -0.820955
0.544422 -1.3625
0.551945 -0.352109
0.555954 -0.203967
0.557206 0.22387
0.558411 -1.13266
0.568034 0.732541
0.57018 0.631979
0.575202 -0.406171
0.58187 -0.843796
0.581879 -0.204535
0.58521 0.405871
0.587525 -1.26086
0.588322 -1.2001
0.595793 -0.999837
0.596795 -0.777015
0.599668 -2.04931
0.602293 -1.82392
0.606112 -0.831366
0.607896 -0.570121
0.610287 -2.71776
0.614921 0.474745
0.618878 -0.589162
0.618902 -1.56846
0.620651 -0.569274
0.625041 -0.446521
0.629672 -1.63746
0.630129 -0.633207
0.632975 -1.89787
0.640243 -1.13509
0.644181 0.314736
0.649321 -0.656269
0.659726 -0.648352
0.677411 -0.203041
0.685766 0.644692
0.690693 -0.484623
0.70673 0.257156
0.719525 -0.775555
0.723285 -1.37259
0.727836 1.08853
0.728325 -1.33202
0.731006 1.01296
0.734309 -0.981973
0.745897 -0.529366
0.749087 -2.06288
0.756801 0.606313
0.759002 -0.192775
0.76048 -0.751089
0.768052 -1.23622
0.776034 -2.41014
0.780772 0.964837
0.795684 -1.46657
0.796558 -0.88541
0.797546 0.780182
0.802986 -0.311908
0.814864 1.79398
0.817652 0.417421
0.817679 -0.0618658
0.819415 -0.319801
0.819679 -1.70874
0.82515 -0.633363
0.829128 -0.740354
0.830828 1.9078
0.833046 1.37731
0.841903 -1.62781
0.842515 0.802843
0.849444 -0.270086
0.85415 -0.891523
0.855304 -0.940725
0.864224 0.293748
0.866884 0.227838
0.873448 -0.909272
0.878346 0.23305
0.884444 -0.419934
0.889699 -0.406553
0.895217 2.5743
0.901946 -1.16072
0.905032 -0.0613312
0.905797 -0.631524
0.913767 1.94684
0.923016 1.65556
0.923481 -0.831856
0.937554 0.401844
0.940958 0.793753
0.944426 0.647058
0.946524 1.26345
0.954684 -0.261144
0.955284 1.42894
0.959511 0.649288
0.959696 -0.132032
0.961372 -0.663229
0.961457 2.04889
0.973549 0.860219
0.977677 1.29241
0.988453 0.475458
0.996967 -0.430081
0.997996 1.26762
0.998413 3.51077
