  0.3161   1.504   3.437   3.444   5.722   6.667
-0.01981   1.361   2.423   4.966   4.414   6.878
   0.839   1.246   3.857   4.236   5.169   6.818
   0.906   3.016   4.039   4.218   5.558   8.979
  0.2808   1.589   3.342   5.371    7.62   9.329
 -0.1269   2.956   3.819   5.498   8.013   10.19
  0.8018   2.271   5.526   6.242    9.97   11.33
 -0.3428   2.716   5.787    7.91   10.24   11.93
 -0.1854   2.815   6.562   9.323   11.22   13.14
-0.01482   2.906   6.124   10.37   13.39   15.96
   0.194   4.428   8.213   9.949   14.42   17.94
    0.37   4.741   8.882   13.01   15.87    19.7
 -0.2622   5.149   8.189   13.34   17.92   22.65
  0.1967   4.813   10.95   15.84   21.19   24.77
  -0.123   6.254   11.74   16.91   23.83   28.13
 0.05739   7.118   12.28   18.66   25.12   32.74
 -0.3642   7.904    14.5   21.74   29.74   36.57
  -1.664   8.333   15.33   24.21   31.95   40.22
  -1.158    8.05   18.57   27.44   37.71   46.18
 -0.9559   10.35   19.82   30.57   42.16   53.13
  -1.414   10.59    23.9   34.16   46.48   59.11
