// Datafile written by Mathcad 12
// 04/03/05 14:01:08

.MATRIX 0 0 100 1
 0.001268  0.1933   0.585  0.3503  0.8228  0.1741  0.7105   0.304 0.09141
  0.1473  0.9885  0.1191 0.008923  0.5317  0.6018  0.1662  0.4508 0.05706
  0.7833  0.5199   0.876  0.9559  0.5393  0.4621  0.8622  0.7797  0.9968  0.6115
  0.2662  0.8401  0.3759  0.6772 0.008817  0.2759  0.5879  0.8376  0.4849
  0.7437   0.458  0.7444   0.599   0.735  0.5724  0.1516  0.4252  0.5171  0.7515
   0.169  0.4919  0.6998  0.1475  0.1416  0.6929  0.4265  0.9666  0.1533  0.8217
  0.1914  0.8172  0.1556   0.732  0.2796  0.6822  0.7219   0.123  0.8347   0.517
  0.4262  0.9493  0.5495  0.4717   0.847  0.4561  0.9829  0.7392   0.196  0.8394
  0.5009  0.0275  0.5726  0.5313   0.843  0.6576  0.8421  0.1099  0.3141  0.2861
  0.1403  0.8346  0.6002  0.2527 0.001619  0.8062  0.2106  0.5532  0.1138
  0.7522  0.5434  0.4367  0.6962